    6.0  0.00000e+00
    7.0  0.00000e+00
    8.0  0.00000e+00
    9.0  0.00000e+00
   10.0  0.00000e+00
   11.0  0.00000e+00
   12.0  0.00000e+00
   13.0  0.00000e+00
   14.0  0.00000e+00
   15.0  0.00000e+00
   16.0  0.00000e+00
   17.0  0.00000e+00
   18.0  0.00000e+00
   19.0  0.00000e+00
   20.0  0.00000e+00
   21.0  0.00000e+00
   22.0  0.00000e+00
   23.0  0.00000e+00
   24.0  0.00000e+00
   25.0  0.00000e+00
   26.0  0.00000e+00
   27.0  0.00000e+00
   28.0  0.00000e+00
   29.0  0.00000e+00
   30.0  0.00000e+00
   31.0  0.00000e+00
   32.0  0.00000e+00
   33.0  0.00000e+00
   34.0  0.00000e+00
   35.0  0.00000e+00
   36.0  0.00000e+00
   37.0  0.00000e+00
   38.0  0.00000e+00
   39.0  0.00000e+00
   40.0  0.00000e+00
   41.0  0.00000e+00
   42.0  0.00000e+00
   43.0  0.00000e+00
   44.0  0.00000e+00
   45.0  0.00000e+00
   46.0  0.00000e+00
   47.0  0.00000e+00
   48.0  0.00000e+00
   49.0  8.18643e-04
   50.0  2.85252e-03
   51.0  4.73774e-03
   52.0  6.42835e-03
   53.0  6.21543e-03
   54.0  6.00161e-03
   55.0  5.58128e-03
   56.0  5.37349e-03
   57.0  5.96211e-03
   58.0  5.74609e-03
   59.0  5.21818e-03
   60.0  7.15284e-03
   61.0  8.11976e-03
   62.0  7.30075e-03
   63.0  6.10373e-03
   64.0  5.44906e-03
   65.0  5.23368e-03
   66.0  4.80084e-03
   67.0  2.88616e-03
   68.0  1.07777e-03
   69.0  2.96133e-03
   70.0  3.07128e-03
   71.0  1.00881e-03
   72.0  6.38931e-04
   73.0  1.00359e-03
   74.0  2.08587e-03
   75.0  3.35680e-03
   76.0  6.41752e-03
   77.0  1.05029e-02
   78.0  1.60027e-02
   79.0  2.19829e-02
   80.0  2.81961e-02
   81.0  3.52512e-02
   82.0  4.23838e-02
   83.0  4.87337e-02
   84.0  5.21375e-02
   85.0  5.10521e-02
   86.0  4.83211e-02
   87.0  4.54775e-02
   88.0  4.46272e-02
   89.0  4.27594e-02
   90.0  4.08335e-02
   91.0  4.49804e-02
   92.0  5.39897e-02
   93.0  7.13877e-02
   94.0  8.52274e-02
   95.0  1.03958e-01
   96.0  1.23596e-01
   97.0  1.39831e-01
   98.0  1.58055e-01
   99.0  1.72531e-01
  100.0  1.88231e-01
  101.0  2.04333e-01
  102.0  2.19351e-01
  103.0  2.33727e-01
  104.0  2.48617e-01
  105.0  2.59415e-01
  106.0  2.68581e-01
  107.0  2.70000e-01
  108.0  2.70000e-01
  109.0  2.70000e-01
  110.0  2.70000e-01
  111.0  2.70000e-01
  112.0  2.70000e-01
  113.0  2.70000e-01
  114.0  2.70000e-01
  115.0  2.70000e-01
  116.0  2.70000e-01
  117.0  2.70000e-01
  118.0  2.70000e-01
  119.0  2.70000e-01
  120.0  2.70000e-01
  121.0  2.50000e-01
  122.0  2.70000e-01
  123.0  2.70000e-01
  124.0  2.70000e-01
  125.0  2.70000e-01
  126.0  2.70000e-01
  127.0  2.70000e-01
  128.0  2.70000e-01
  129.0  2.70000e-01
  130.0  2.70000e-01
  131.0  2.70000e-01
  132.0  2.70000e-01
  133.0  2.70000e-01
  134.0  2.70000e-01
  135.0  2.70000e-01
  136.0  2.70000e-01
  137.0  2.70000e-01
  138.0  2.70000e-01
  139.0  2.70000e-01
  140.0  2.70000e-01
  141.0  2.70000e-01
  142.0  2.70000e-01
  143.0  2.70000e-01
  144.0  2.70000e-01
  145.0  2.70000e-01
  146.0  2.70000e-01
  147.0  2.70000e-01
  148.0  2.70000e-01
  149.0  2.70000e-01
  150.0  2.70000e-01
  151.0  2.70000e-01
  152.0  2.70000e-01
  153.0  2.70000e-01
  154.0  2.70000e-01
  155.0  2.70000e-01
  156.0  2.70000e-01
  157.0  2.70000e-01
  158.0  2.70000e-01
  159.0  2.70000e-01
