    7.0  0.00000e+00
    8.0  0.00000e+00
    9.0  0.00000e+00
   10.0  0.00000e+00
   11.0  0.00000e+00
   12.0  0.00000e+00
   13.0  0.00000e+00
   14.0  0.00000e+00
   15.0  0.00000e+00
   16.0  0.00000e+00
   17.0  0.00000e+00
   18.0  0.00000e+00
   19.0  0.00000e+00
   20.0  0.00000e+00
   21.0  0.00000e+00
   22.0  0.00000e+00
   23.0  0.00000e+00
   24.0  0.00000e+00
   25.0  0.00000e+00
   26.0  0.00000e+00
   27.0  0.00000e+00
   28.0  0.00000e+00
   29.0  0.00000e+00
   30.0  0.00000e+00
   31.0  0.00000e+00
   32.0  0.00000e+00
   33.0  0.00000e+00
   34.0  0.00000e+00
   35.0  0.00000e+00
   36.0  0.00000e+00
   37.0  0.00000e+00
   38.0  0.00000e+00
   39.0  0.00000e+00
   40.0  0.00000e+00
   41.0  0.00000e+00
   42.0  0.00000e+00
   43.0  0.00000e+00
   44.0  0.00000e+00
   45.0  0.00000e+00
   46.0  0.00000e+00
   47.0  0.00000e+00
   48.0  0.00000e+00
   49.0  0.00000e+00
   50.0  0.00000e+00
   51.0  0.00000e+00
   52.0  0.00000e+00
   53.0  0.00000e+00
   54.0  0.00000e+00
   55.0  0.00000e+00
   56.0  0.00000e+00
   57.0  0.00000e+00
   58.0  0.00000e+00
   59.0  0.00000e+00
   60.0  0.00000e+00
   61.0  0.00000e+00
   62.0  0.00000e+00
   63.0  0.00000e+00
   64.0  0.00000e+00
   65.0  0.00000e+00
   66.0  0.00000e+00
   67.0  0.00000e+00
   68.0  0.00000e+00
   69.0  0.00000e+00
   70.0  0.00000e+00
   71.0  0.00000e+00
   72.0  3.69244e-02
   73.0  8.69244e-02
   74.0  1.61177e-01
   75.0  2.31514e-01
   76.0  2.70981e-01
   77.0  2.70541e-01
   78.0  2.45232e-01
   79.0  2.15335e-01
   80.0  1.89686e-01
   81.0  1.74740e-01
   82.0  1.71313e-01
   83.0  1.81259e-01
   84.0  2.10127e-01
   85.0  2.55127e-01
   86.0  2.93422e-01
   87.0  3.13422e-01
   88.0  3.27417e-01
   89.0  3.36861e-01
   90.0  3.36524e-01
   91.0  3.22208e-01
   92.0  2.86339e-01
   93.0  2.41210e-01
   94.0  2.09577e-01
   95.0  1.94500e-01
   96.0  1.88138e-01
   97.0  1.88215e-01
   98.0  1.98624e-01
   99.0  2.08624e-01
  100.0  1.60042e-01
  101.0  7.67289e-02
  102.0  3.09169e-02
  103.0  1.53301e-02
  104.0  1.50954e-02
  105.0  4.19788e-02
  106.0  1.19661e-01
  107.0  1.94016e-01
  108.0  1.98159e-01
  109.0  3.00000e-01
  110.0  3.00000e-01
  111.0  3.00000e-01
  112.0  3.00000e-01
  113.0  3.00000e-01
  114.0  3.00000e-01
  115.0  3.00000e-01
  116.0  3.00000e-01
  117.0  3.00000e-01
  118.0  3.00000e-01
  119.0  3.00000e-01
  120.0  3.00000e-01
  121.0  1.00000e+00
  122.0  1.00000e+00
  123.0  1.00000e+00
  124.0  1.00000e+00
  125.0  1.00000e+00
  126.0  1.00000e+00
  127.0  1.00000e+00
  128.0  1.00000e+00
  129.0  1.00000e+00
  130.0  1.00000e+00
  131.0  1.00000e+00
  132.0  1.00000e+00
  133.0  1.00000e+00
  134.0  1.00000e+00
  135.0  1.00000e+00
  136.0  1.00000e+00
  137.0  1.00000e+00
  138.0  1.00000e+00
  139.0  1.00000e+00
  140.0  1.00000e+00
  141.0  1.00000e+00
  142.0  1.00000e+00
  143.0  1.00000e+00
  144.0  1.00000e+00
  145.0  1.00000e+00
  146.0  1.00000e+00
  147.0  1.00000e+00
  148.0  1.00000e+00
  149.0  1.00000e+00
  150.0  1.00000e+00
  151.0  1.00000e+00
  152.0  1.00000e+00
  153.0  1.00000e+00
  154.0  1.00000e+00
  155.0  1.00000e+00
  156.0  1.00000e+00
  157.0  1.00000e+00
  158.0  1.00000e+00
  159.0  1.00000e+00
  160.0  1.00000e+00
  161.0  1.00000e+00
  162.0  1.00000e+00
  163.0  1.00000e+00
  164.0  1.00000e+00
  165.0  1.00000e+00
  166.0  1.00000e+00
  167.0  1.00000e+00
  168.0  1.00000e+00
  169.0  1.00000e+00
  170.0  1.00000e+00
  171.0  1.00000e+00
  172.0  1.00000e+00
  173.0  1.00000e+00
  174.0  1.00000e+00
  175.0  1.00000e+00
  176.0  1.00000e+00
  177.0  1.00000e+00
  178.0  1.00000e+00
  179.0  1.00000e+00
  180.0  1.00000e+00
  181.0  1.00000e+00
  182.0  1.00000e+00
  183.0  1.00000e+00
  184.0  1.00000e+00
  185.0  1.00000e+00
  186.0  1.00000e+00
  187.0  1.00000e+00
  188.0  1.00000e+00
  189.0  1.00000e+00
  190.0  1.00000e+00
  191.0  1.00000e+00
  192.0  1.00000e+00
  193.0  1.00000e+00
  194.0  1.00000e+00
  195.0  1.00000e+00
  196.0  1.00000e+00
  197.0  1.00000e+00
  198.0  1.00000e+00
  199.0  1.00000e+00
  200.0  1.00000e+00
  201.0  1.00000e+00
  202.0  1.00000e+00
  203.0  1.00000e+00
  204.0  1.00000e+00
  205.0  1.00000e+00
  206.0  1.00000e+00
  207.0  1.00000e+00
  208.0  1.00000e+00
  209.0  1.00000e+00
  210.0  1.00000e+00
  211.0  1.00000e+00
  212.0  1.00000e+00
  213.0  1.00000e+00
  214.0  1.00000e+00
  215.0  1.00000e+00
  216.0  1.00000e+00
  217.0  1.00000e+00
  218.0  1.00000e+00
  219.0  1.00000e+00
  220.0  1.00000e+00
  221.0  1.00000e+00
  222.0  1.00000e+00
  223.0  1.00000e+00
  224.0  1.00000e+00
  225.0  1.00000e+00
  226.0  1.00000e+00
  227.0  1.00000e+00
  228.0  1.00000e+00
