    6.0  0.00000e+00
    7.0  0.00000e+00
    8.0  0.00000e+00
    9.0  0.00000e+00
   10.0  0.00000e+00
   11.0  0.00000e+00
   12.0  0.00000e+00
   13.0  0.00000e+00
   14.0  0.00000e+00
   15.0  0.00000e+00
   16.0  0.00000e+00
   17.0  0.00000e+00
   18.0  0.00000e+00
   19.0  0.00000e+00
   20.0  0.00000e+00
   21.0  0.00000e+00
   22.0  0.00000e+00
   23.0  0.00000e+00
   24.0  0.00000e+00
   25.0  0.00000e+00
   26.0  0.00000e+00
   27.0  0.00000e+00
   28.0  0.00000e+00
   29.0  0.00000e+00
   30.0  0.00000e+00
   31.0  0.00000e+00
   32.0  0.00000e+00
   33.0  0.00000e+00
   34.0  0.00000e+00
   35.0  0.00000e+00
   36.0  0.00000e+00
   37.0  0.00000e+00
   38.0  0.00000e+00
   39.0  0.00000e+00
   40.0  0.00000e+00
   41.0  0.00000e+00
   42.0  0.00000e+00
   43.0  0.00000e+00
   44.0  0.00000e+00
   45.0  0.00000e+00
   46.0  0.00000e+00
   47.0  0.00000e+00
   48.0  0.00000e+00
   49.0  6.06402e-05
   50.0  2.11298e-04
   51.0  3.50944e-04
   52.0  4.76174e-04
   53.0  4.60402e-04
   54.0  4.44564e-04
   55.0  4.13428e-04
   56.0  3.98036e-04
   57.0  4.41638e-04
   58.0  4.25636e-04
   59.0  3.86532e-04
   60.0  5.29840e-04
   61.0  6.01464e-04
   62.0  5.40796e-04
   63.0  4.52128e-04
   64.0  4.03634e-04
   65.0  3.87680e-04
   66.0  3.55618e-04
   67.0  2.13790e-04
   68.0  7.98346e-05
   69.0  2.19358e-04
   70.0  2.27502e-04
   71.0  7.47266e-05
   72.0  4.73282e-05
   73.0  7.43398e-05
   74.0  1.54509e-04
   75.0  2.48652e-04
   76.0  4.75372e-04
   77.0  7.77990e-04
   78.0  1.18539e-03
   79.0  1.62836e-03
   80.0  2.08860e-03
   81.0  2.61120e-03
   82.0  3.13954e-03
   83.0  3.60990e-03
   84.0  3.86204e-03
   85.0  3.78164e-03
   86.0  3.57934e-03
   87.0  3.36870e-03
   88.0  3.30572e-03
   89.0  3.16736e-03
   90.0  3.02470e-03
   91.0  3.33188e-03
   92.0  3.99924e-03
   93.0  5.28798e-03
   94.0  6.31314e-03
   95.0  7.70056e-03
   96.0  9.15524e-03
   97.0  1.03578e-02
   98.0  1.17078e-02
   99.0  1.27800e-02
  100.0  1.39431e-02
  101.0  1.51358e-02
  102.0  1.62482e-02
  103.0  1.73131e-02
  104.0  1.84160e-02
  105.0  1.92159e-02
  106.0  1.98949e-02
  107.0  2.00000e-02
  108.0  2.00000e-02
  109.0  2.00000e-02
  110.0  2.00000e-02
  111.0  2.00000e-02
  112.0  2.00000e-02
  113.0  2.00000e-02
  114.0  2.00000e-02
  115.0  2.00000e-02
  116.0  2.00000e-02
  117.0  2.00000e-02
  118.0  2.00000e-02
  119.0  2.00000e-02
  120.0  2.00000e-02
  121.0  2.50000e-01
  122.0  2.00000e-02
  123.0  2.00000e-02
  124.0  2.00000e-02
  125.0  2.00000e-02
  126.0  2.00000e-02
  127.0  2.00000e-02
  128.0  2.00000e-02
  129.0  2.00000e-02
  130.0  2.00000e-02
  131.0  2.00000e-02
  132.0  2.00000e-02
  133.0  2.00000e-02
  134.0  2.00000e-02
  135.0  2.00000e-02
  136.0  2.00000e-02
  137.0  2.00000e-02
  138.0  2.00000e-02
  139.0  2.00000e-02
  140.0  2.00000e-02
  141.0  2.00000e-02
  142.0  2.00000e-02
  143.0  2.00000e-02
  144.0  2.00000e-02
  145.0  2.00000e-02
  146.0  2.00000e-02
  147.0  2.00000e-02
  148.0  2.00000e-02
  149.0  2.00000e-02
  150.0  2.00000e-02
  151.0  2.00000e-02
  152.0  2.00000e-02
  153.0  2.00000e-02
  154.0  2.00000e-02
  155.0  2.00000e-02
  156.0  2.00000e-02
  157.0  2.00000e-02
  158.0  2.00000e-02
  159.0  2.00000e-02
