    7.0  6.76614e-03
    8.0  7.64346e-03
    9.0  8.49253e-03
   10.0  9.41284e-03
   11.0  1.03996e-02
   12.0  1.13516e-02
   13.0  1.22639e-02
   14.0  1.31376e-02
   15.0  1.39798e-02
   16.0  1.48039e-02
   17.0  1.56290e-02
   18.0  1.64949e-02
   19.0  1.73826e-02
   20.0  1.82698e-02
   21.0  1.91667e-02
   22.0  2.00584e-02
   23.0  2.09448e-02
   24.0  2.18267e-02
   25.0  2.27228e-02
   26.0  2.36309e-02
   27.0  2.45310e-02
   28.0  2.54234e-02
   29.0  2.63089e-02
   30.0  2.72035e-02
   31.0  2.81055e-02
   32.0  2.89983e-02
   33.0  2.98832e-02
   34.0  3.07619e-02
   35.0  3.16505e-02
   36.0  3.25477e-02
   37.0  3.34377e-02
   38.0  3.43205e-02
   39.0  3.51964e-02
   40.0  3.60751e-02
   41.0  3.69557e-02
   42.0  3.78287e-02
   43.0  3.86975e-02
   44.0  3.95656e-02
   45.0  4.04467e-02
   46.0  4.13405e-02
   47.0  4.22349e-02
   48.0  4.31300e-02
   49.0  4.40257e-02
   50.0  4.53648e-02
   51.0  4.71728e-02
   52.0  4.87971e-02
   53.0  4.97433e-02
   54.0  4.95057e-02
   55.0  4.77568e-02
   56.0  4.52448e-02
   57.0  4.34506e-02
   58.0  4.21010e-02
   59.0  4.10389e-02
   60.0  4.00924e-02
   61.0  3.91068e-02
   62.0  3.79785e-02
   63.0  3.67370e-02
   64.0  3.54214e-02
   65.0  3.39948e-02
   66.0  3.24289e-02
   67.0  3.07054e-02
   68.0  2.88631e-02
   69.0  2.66343e-02
   70.0  2.47248e-02
   71.0  2.44833e-02
   72.0  2.55839e-02
   73.0  2.79899e-02
   74.0  3.16488e-02
   75.0  3.65150e-02
   76.0  4.24459e-02
   77.0  4.90803e-02
   78.0  5.65157e-02
   79.0  6.50068e-02
   80.0  7.41602e-02
   81.0  8.29987e-02
   82.0  9.01500e-02
   83.0  9.43705e-02
   84.0  9.49563e-02
   85.0  9.49539e-02
   86.0  9.49515e-02
   87.0  9.70042e-02
   88.0  8.76725e-02
   89.0  1.28265e-01
   90.0  1.52948e-01
   91.0  1.38268e-01
   92.0  1.39593e-01
   93.0  1.54474e-01
   94.0  1.71173e-01
   95.0  1.79627e-01
   96.0  1.87852e-01
   97.0  2.05118e-01
   98.0  2.28148e-01
   99.0  2.54841e-01
  100.0  2.81153e-01
  101.0  3.02412e-01
  102.0  3.12413e-01
  103.0  3.14358e-01
  104.0  3.05017e-01
  105.0  2.92995e-01
  106.0  2.84568e-01
  107.0  2.83437e-01
  108.0  2.83808e-01
  109.0  2.84142e-01
  110.0  2.93678e-01
  111.0  3.01431e-01
  112.0  3.01927e-01
  113.0  3.06524e-01
  114.0  3.18508e-01
  115.0  3.26613e-01
  116.0  3.36417e-01
  117.0  3.09922e-01
  118.0  5.10000e-01
  119.0  5.10000e-01
  120.0  5.10000e-01
  121.0  5.10000e-01
  122.0  5.10000e-01
  123.0  5.10000e-01
  124.0  5.10000e-01
  125.0  5.10000e-01
  126.0  5.10000e-01
  127.0  5.10000e-01
  128.0  5.10000e-01
  129.0  5.10000e-01
  130.0  5.10000e-01
  131.0  5.10000e-01
  132.0  5.10000e-01
  133.0  5.10000e-01
  134.0  5.10000e-01
  135.0  5.10000e-01
  136.0  5.10000e-01
  137.0  5.10000e-01
  138.0  5.10000e-01
  139.0  5.10000e-01
  140.0  5.10000e-01
  141.0  5.10000e-01
  142.0  5.10000e-01
  143.0  5.10000e-01
  144.0  5.10000e-01
  145.0  5.10000e-01
  146.0  5.10000e-01
  147.0  5.10000e-01
  148.0  5.10000e-01
  149.0  5.10000e-01
  150.0  5.10000e-01
  151.0  5.10000e-01
  152.0  5.10000e-01
  153.0  5.10000e-01
  154.0  5.10000e-01
  155.0  5.10000e-01
  156.0  5.10000e-01
  157.0  5.10000e-01
  158.0  5.10000e-01
  159.0  5.10000e-01
  160.0  5.10000e-01
  161.0  5.10000e-01
  162.0  5.10000e-01
  163.0  5.10000e-01
  164.0  5.10000e-01
  165.0  5.10000e-01
  166.0  5.10000e-01
  167.0  5.10000e-01
  168.0  5.10000e-01
  169.0  5.10000e-01
  170.0  5.10000e-01
  171.0  5.10000e-01
  172.0  5.10000e-01
  173.0  5.10000e-01
  174.0  5.10000e-01
  175.0  5.10000e-01
  176.0  5.10000e-01
  177.0  5.10000e-01
  178.0  5.10000e-01
  179.0  5.10000e-01
  180.0  5.10000e-01
  181.0  5.10000e-01
  182.0  5.10000e-01
  183.0  5.10000e-01
  184.0  5.10000e-01
  185.0  5.10000e-01
  186.0  5.10000e-01
  187.0  5.10000e-01
  188.0  5.10000e-01
  189.0  5.10000e-01
  190.0  5.10000e-01
  191.0  5.10000e-01
  192.0  5.10000e-01
  193.0  5.10000e-01
  194.0  5.10000e-01
  195.0  5.10000e-01
  196.0  5.10000e-01
  197.0  1.00000e+00
  198.0  1.00000e+00
  199.0  1.00000e+00
  200.0  1.00000e+00
  201.0  1.00000e+00
  202.0  1.00000e+00
  203.0  1.00000e+00
  204.0  1.00000e+00
  205.0  1.00000e+00
  206.0  1.00000e+00
  207.0  1.00000e+00
