    6.0  0.00000e+00
    7.0  0.00000e+00
    8.0  0.00000e+00
    9.0  0.00000e+00
   10.0  0.00000e+00
   11.0  0.00000e+00
   12.0  0.00000e+00
   13.0  0.00000e+00
   14.0  0.00000e+00
   15.0  0.00000e+00
   16.0  0.00000e+00
   17.0  0.00000e+00
   18.0  0.00000e+00
   19.0  0.00000e+00
   20.0  0.00000e+00
   21.0  0.00000e+00
   22.0  0.00000e+00
   23.0  0.00000e+00
   24.0  0.00000e+00
   25.0  0.00000e+00
   26.0  0.00000e+00
   27.0  0.00000e+00
   28.0  0.00000e+00
   29.0  0.00000e+00
   30.0  0.00000e+00
   31.0  0.00000e+00
   32.0  0.00000e+00
   33.0  0.00000e+00
   34.0  0.00000e+00
   35.0  0.00000e+00
   36.0  0.00000e+00
   37.0  0.00000e+00
   38.0  0.00000e+00
   39.0  0.00000e+00
   40.0  0.00000e+00
   41.0  0.00000e+00
   42.0  0.00000e+00
   43.0  0.00000e+00
   44.0  0.00000e+00
   45.0  0.00000e+00
   46.0  0.00000e+00
   47.0  0.00000e+00
   48.0  0.00000e+00
   49.0  1.69793e-03
   50.0  5.91634e-03
   51.0  9.82643e-03
   52.0  1.33329e-02
   53.0  1.28913e-02
   54.0  1.24478e-02
   55.0  1.15760e-02
   56.0  1.11450e-02
   57.0  1.23659e-02
   58.0  1.19178e-02
   59.0  1.08229e-02
   60.0  1.48355e-02
   61.0  1.68410e-02
   62.0  1.51423e-02
   63.0  1.26596e-02
   64.0  1.13018e-02
   65.0  1.08550e-02
   66.0  9.95730e-03
   67.0  5.98612e-03
   68.0  2.23537e-03
   69.0  6.14202e-03
   70.0  6.37006e-03
   71.0  2.09234e-03
   72.0  1.32519e-03
   73.0  2.08151e-03
   74.0  4.32624e-03
   75.0  6.96226e-03
   76.0  1.33104e-02
   77.0  2.17837e-02
   78.0  3.31908e-02
   79.0  4.55942e-02
   80.0  5.84808e-02
   81.0  7.31136e-02
   82.0  8.79071e-02
   83.0  1.01077e-01
   84.0  1.08137e-01
   85.0  1.05886e-01
   86.0  1.00222e-01
   87.0  9.43236e-02
   88.0  9.25602e-02
   89.0  8.86861e-02
   90.0  8.46916e-02
   91.0  9.32926e-02
   92.0  1.11979e-01
   93.0  1.48063e-01
   94.0  1.76768e-01
   95.0  2.15616e-01
   96.0  2.56347e-01
   97.0  2.90019e-01
   98.0  3.27818e-01
   99.0  3.57841e-01
  100.0  3.90406e-01
  101.0  4.23802e-01
  102.0  4.54950e-01
  103.0  4.84768e-01
  104.0  5.15649e-01
  105.0  5.38046e-01
  106.0  5.57056e-01
  107.0  5.60000e-01
  108.0  5.60000e-01
  109.0  5.60000e-01
  110.0  5.60000e-01
  111.0  5.60000e-01
  112.0  5.60000e-01
  113.0  5.60000e-01
  114.0  5.60000e-01
  115.0  5.60000e-01
  116.0  5.60000e-01
  117.0  5.60000e-01
  118.0  5.60000e-01
  119.0  5.60000e-01
  120.0  5.60000e-01
  121.0  1.20000e-01
  122.0  5.60000e-01
  123.0  5.60000e-01
  124.0  5.60000e-01
  125.0  5.60000e-01
  126.0  5.60000e-01
  127.0  5.60000e-01
  128.0  5.60000e-01
  129.0  5.60000e-01
  130.0  5.60000e-01
  131.0  5.60000e-01
  132.0  5.60000e-01
  133.0  5.60000e-01
  134.0  5.60000e-01
  135.0  5.60000e-01
  136.0  5.60000e-01
  137.0  5.60000e-01
  138.0  5.60000e-01
  139.0  5.60000e-01
  140.0  5.60000e-01
  141.0  5.60000e-01
  142.0  5.60000e-01
  143.0  5.60000e-01
  144.0  5.60000e-01
  145.0  5.60000e-01
  146.0  5.60000e-01
  147.0  5.60000e-01
  148.0  5.60000e-01
  149.0  5.60000e-01
  150.0  5.60000e-01
  151.0  5.60000e-01
  152.0  5.60000e-01
  153.0  5.60000e-01
  154.0  5.60000e-01
  155.0  5.60000e-01
  156.0  5.60000e-01
  157.0  5.60000e-01
  158.0  5.60000e-01
  159.0  5.60000e-01
