  113.0  4.61809e-01
  114.0  4.60597e-01
  115.0  4.59384e-01
  116.0  4.58172e-01
  117.0  4.56960e-01
  118.0  4.55747e-01
  119.0  4.54535e-01
  120.0  4.53322e-01
  121.0  4.52110e-01
  122.0  4.50898e-01
  123.0  4.49685e-01
  124.0  4.48473e-01
  125.0  4.47261e-01
  126.0  4.46048e-01
  127.0  4.44836e-01
  128.0  4.43624e-01
  129.0  4.42411e-01
  130.0  4.41199e-01
  131.0  4.39986e-01
  132.0  4.38774e-01
  133.0  4.37562e-01
  134.0  4.36349e-01
  135.0  4.35137e-01
  136.0  4.33925e-01
  137.0  4.32712e-01
  138.0  4.31500e-01
  139.0  4.30288e-01
  140.0  4.29075e-01
  141.0  4.27863e-01
  142.0  4.26650e-01
  143.0  4.25438e-01
  144.0  4.24226e-01
  145.0  4.23013e-01
  146.0  4.21801e-01
  147.0  4.20589e-01
  148.0  4.19376e-01
  149.0  4.18164e-01
  150.0  4.16952e-01
  151.0  4.15739e-01
  152.0  4.14527e-01
  153.0  4.13314e-01
  154.0  4.12102e-01
  155.0  4.10890e-01
  156.0  4.09677e-01
  157.0  4.08465e-01
  158.0  4.07253e-01
  159.0  4.06040e-01
  160.0  4.04828e-01
  161.0  4.03616e-01
  162.0  4.02403e-01
  163.0  4.01191e-01
  164.0  3.99978e-01
  165.0  3.98766e-01
  166.0  3.97554e-01
  167.0  3.96341e-01
  168.0  3.95129e-01
  169.0  3.93917e-01
  170.0  3.92704e-01
  171.0  3.91492e-01
  172.0  3.90280e-01
  173.0  3.89067e-01
  174.0  3.87855e-01
  175.0  3.86642e-01
  176.0  3.85430e-01
  177.0  3.84218e-01
  178.0  3.83005e-01
  179.0  3.81793e-01
  180.0  3.80581e-01
  181.0  3.79368e-01
  182.0  3.78156e-01
  183.0  3.76944e-01
  184.0  3.75731e-01
  185.0  3.74519e-01
  186.0  3.73306e-01
  187.0  3.72094e-01
  188.0  3.70882e-01
  189.0  3.69669e-01
  190.0  3.68457e-01
  191.0  3.67245e-01
  192.0  3.66032e-01
  193.0  3.64820e-01
  194.0  3.63607e-01
  195.0  3.62395e-01
  196.0  3.61183e-01
  197.0  3.59970e-01
  198.0  3.58758e-01
  199.0  3.57546e-01
  200.0  3.56333e-01
  201.0  3.55121e-01
  202.0  3.53909e-01
  203.0  3.52696e-01
  204.0  3.51484e-01
  205.0  3.50271e-01
  206.0  3.49059e-01
  207.0  3.47847e-01
  208.0  3.46634e-01
  209.0  3.45422e-01
  210.0  3.44210e-01
  211.0  3.42997e-01
  212.0  3.41785e-01
  213.0  3.40573e-01
  214.0  3.39360e-01
  215.0  3.38148e-01
  216.0  3.36935e-01
  217.0  3.35723e-01
  218.0  3.34511e-01
  219.0  3.33298e-01
  220.0  3.32086e-01
  221.0  3.30874e-01
  222.0  3.29661e-01
  223.0  3.28449e-01
  224.0  3.27237e-01
  225.0  3.26024e-01
  226.0  3.24812e-01
  227.0  3.23599e-01
  228.0  3.22387e-01
  229.0  3.21175e-01
  230.0  3.19962e-01
  231.0  3.18750e-01
  232.0  3.17538e-01
  233.0  3.16325e-01
  234.0  3.15113e-01
  235.0  3.13901e-01
  236.0  3.12688e-01
  237.0  3.11476e-01
  238.0  3.10263e-01
  239.0  3.09051e-01
  240.0  3.07839e-01
  241.0  3.06626e-01
  242.0  3.05414e-01
  243.0  3.04202e-01
  244.0  3.02989e-01
  245.0  3.01777e-01
  246.0  3.00565e-01
  247.0  2.99352e-01
  248.0  2.98140e-01
  249.0  2.96927e-01
  250.0  2.95715e-01
  251.0  2.94503e-01
  252.0  2.93290e-01
  253.0  2.92078e-01
  254.0  2.90866e-01
  255.0  2.89653e-01
  256.0  2.88441e-01
  257.0  2.87229e-01
  258.0  2.86016e-01
  259.0  2.84804e-01
  260.0  2.84513e-01
  261.0  2.80494e-01
  262.0  2.76381e-01
  263.0  2.72160e-01
  264.0  2.67818e-01
  265.0  2.63340e-01
  266.0  2.58715e-01
  267.0  2.53926e-01
  268.0  2.48961e-01
  269.0  2.43804e-01
  270.0  2.36809e-01
  271.0  2.27869e-01
  272.0  2.18589e-01
  273.0  2.09113e-01
  274.0  1.99594e-01
  275.0  1.90185e-01
  276.0  1.81045e-01
  277.0  1.72331e-01
  278.0  1.64204e-01
  279.0  1.56821e-01
  280.0  1.51087e-01
  281.0  1.46991e-01
  282.0  1.43609e-01
  283.0  1.40794e-01
  284.0  1.38395e-01
  285.0  1.36266e-01
  286.0  1.34271e-01
  287.0  1.32274e-01
  288.0  1.30153e-01
  289.0  1.27788e-01
  290.0  1.24950e-01
  291.0  1.21794e-01
  292.0  1.18781e-01
  293.0  1.16158e-01
  294.0  1.14154e-01
  295.0  1.10656e-01
  296.0  1.05545e-01
  297.0  1.00888e-01
  298.0  9.66070e-02
  299.0  9.26240e-02
  300.0  8.77220e-02
  301.0  8.18060e-02
  302.0  7.58900e-02
  303.0  6.98390e-02
  304.0  6.35290e-02
  305.0  5.71840e-02
  306.0  5.08800e-02
  307.0  4.46690e-02
  308.0  3.90270e-02
  309.0  3.43120e-02
  310.0  2.73490e-02
  311.0  1.81940e-02
  312.0  1.13910e-02
  313.0  8.78600e-03
  314.0  1.10200e-02
  315.0  1.48990e-02
  316.0  1.78795e-02
  317.0  1.95184e-02
  318.0  1.80506e-02
  319.0  1.24585e-02
  320.0  1.12653e-02
  321.0  1.47034e-02
  322.0  1.48359e-02
  323.0  1.29460e-02
  324.0  1.00247e-02
  325.0  8.03610e-03
  326.0  7.24861e-03
  327.0  6.37221e-03
  328.0  5.45328e-03
  329.0  4.51360e-03
  330.0  4.43900e-03
  331.0  4.62300e-03
  332.0  4.80600e-03
  333.0  4.98900e-03
  334.0  5.17200e-03
  335.0  5.40400e-03
  336.0  5.68400e-03
  337.0  5.96500e-03
  338.0  6.24600e-03
  339.0  6.52600e-03
  340.0  6.50000e-03
  341.0  6.16700e-03
  342.0  5.83400e-03
  343.0  5.50000e-03
  344.0  5.16700e-03
  345.0  5.02600e-03
  346.0  5.07700e-03
  347.0  5.12900e-03
  348.0  5.18100e-03
  349.0  5.23200e-03
  350.0  5.18700e-03
  351.0  4.90200e-03
  352.0  4.64500e-03
  353.0  4.38700e-03
  354.0  4.12900e-03
  355.0  3.99500e-03
  356.0  3.98400e-03
  357.0  3.97400e-03
  358.0  3.96300e-03
  359.0  3.95300e-03
