  113.0  3.83402e-01
  114.0  3.83255e-01
  115.0  3.83109e-01
  116.0  3.82962e-01
  117.0  3.82816e-01
  118.0  3.82669e-01
  119.0  3.82523e-01
  120.0  3.82376e-01
  121.0  3.82230e-01
  122.0  3.82084e-01
  123.0  3.81937e-01
  124.0  3.81791e-01
  125.0  3.81644e-01
  126.0  3.81498e-01
  127.0  3.81351e-01
  128.0  3.81205e-01
  129.0  3.81058e-01
  130.0  3.80912e-01
  131.0  3.80765e-01
  132.0  3.80619e-01
  133.0  3.80472e-01
  134.0  3.80326e-01
  135.0  3.80179e-01
  136.0  3.80033e-01
  137.0  3.79886e-01
  138.0  3.79740e-01
  139.0  3.79594e-01
  140.0  3.79447e-01
  141.0  3.79301e-01
  142.0  3.79154e-01
  143.0  3.79008e-01
  144.0  3.78861e-01
  145.0  3.78715e-01
  146.0  3.78568e-01
  147.0  3.78422e-01
  148.0  3.78275e-01
  149.0  3.78129e-01
  150.0  3.77982e-01
  151.0  3.77836e-01
  152.0  3.77689e-01
  153.0  3.77543e-01
  154.0  3.77396e-01
  155.0  3.77250e-01
  156.0  3.77103e-01
  157.0  3.76957e-01
  158.0  3.76811e-01
  159.0  3.76664e-01
  160.0  3.76518e-01
  161.0  3.76371e-01
  162.0  3.76225e-01
  163.0  3.76078e-01
  164.0  3.75932e-01
  165.0  3.75785e-01
  166.0  3.75639e-01
  167.0  3.75492e-01
  168.0  3.75346e-01
  169.0  3.75199e-01
  170.0  3.75053e-01
  171.0  3.74906e-01
  172.0  3.74760e-01
  173.0  3.74613e-01
  174.0  3.74467e-01
  175.0  3.74320e-01
  176.0  3.74174e-01
  177.0  3.74028e-01
  178.0  3.73881e-01
  179.0  3.73735e-01
  180.0  3.73588e-01
  181.0  3.73442e-01
  182.0  3.73295e-01
  183.0  3.73149e-01
  184.0  3.73002e-01
  185.0  3.72856e-01
  186.0  3.72709e-01
  187.0  3.72563e-01
  188.0  3.72416e-01
  189.0  3.72270e-01
  190.0  3.72123e-01
  191.0  3.71977e-01
  192.0  3.71830e-01
  193.0  3.71684e-01
  194.0  3.71538e-01
  195.0  3.71391e-01
  196.0  3.71245e-01
  197.0  3.71098e-01
  198.0  3.70952e-01
  199.0  3.70805e-01
  200.0  3.70659e-01
  201.0  3.70512e-01
  202.0  3.70366e-01
  203.0  3.70219e-01
  204.0  3.70073e-01
  205.0  3.69926e-01
  206.0  3.69780e-01
  207.0  3.69633e-01
  208.0  3.69487e-01
  209.0  3.69340e-01
  210.0  3.69194e-01
  211.0  3.69047e-01
  212.0  3.68901e-01
  213.0  3.68755e-01
  214.0  3.68608e-01
  215.0  3.68462e-01
  216.0  3.68315e-01
  217.0  3.68169e-01
  218.0  3.68022e-01
  219.0  3.67876e-01
  220.0  3.67729e-01
  221.0  3.67583e-01
  222.0  3.67436e-01
  223.0  3.67290e-01
  224.0  3.67143e-01
  225.0  3.66997e-01
  226.0  3.66850e-01
  227.0  3.66704e-01
  228.0  3.66557e-01
  229.0  3.66411e-01
  230.0  3.66264e-01
  231.0  3.66118e-01
  232.0  3.65972e-01
  233.0  3.65825e-01
  234.0  3.65679e-01
  235.0  3.65532e-01
  236.0  3.65386e-01
  237.0  3.65239e-01
  238.0  3.65093e-01
  239.0  3.64946e-01
  240.0  3.64800e-01
  241.0  3.64653e-01
  242.0  3.64507e-01
  243.0  3.64360e-01
  244.0  3.64214e-01
  245.0  3.64067e-01
  246.0  3.63921e-01
  247.0  3.63774e-01
  248.0  3.63628e-01
  249.0  3.63481e-01
  250.0  3.63335e-01
  251.0  3.63189e-01
  252.0  3.63042e-01
  253.0  3.62896e-01
  254.0  3.62749e-01
  255.0  3.62603e-01
  256.0  3.62456e-01
  257.0  3.62310e-01
  258.0  3.62163e-01
  259.0  3.62017e-01
  260.0  3.61009e-01
  261.0  3.61050e-01
  262.0  3.61140e-01
  263.0  3.61293e-01
  264.0  3.61522e-01
  265.0  3.61840e-01
  266.0  3.62259e-01
  267.0  3.62794e-01
  268.0  3.63458e-01
  269.0  3.64265e-01
  270.0  3.65715e-01
  271.0  3.67882e-01
  272.0  3.70274e-01
  273.0  3.72744e-01
  274.0  3.75138e-01
  275.0  3.77300e-01
  276.0  3.79070e-01
  277.0  3.80288e-01
  278.0  3.80792e-01
  279.0  3.80422e-01
  280.0  3.78780e-01
  281.0  3.75892e-01
  282.0  3.72186e-01
  283.0  3.67808e-01
  284.0  3.62907e-01
  285.0  3.57627e-01
  286.0  3.52104e-01
  287.0  3.46470e-01
  288.0  3.40848e-01
  289.0  3.35354e-01
  290.0  3.30635e-01
  291.0  3.26545e-01
  292.0  3.22215e-01
  293.0  3.17398e-01
  294.0  3.11863e-01
  295.0  3.05639e-01
  296.0  2.98773e-01
  297.0  2.91208e-01
  298.0  2.83016e-01
  299.0  2.74270e-01
  300.0  2.65288e-01
  301.0  2.56119e-01
  302.0  2.46599e-01
  303.0  2.36854e-01
  304.0  2.26999e-01
  305.0  2.17969e-01
  306.0  2.09729e-01
  307.0  2.01104e-01
  308.0  1.91613e-01
  309.0  1.80891e-01
  310.0  1.72031e-01
  311.0  1.64967e-01
  312.0  1.55223e-01
  313.0  1.40946e-01
  314.0  1.21488e-01
  315.0  9.97030e-02
  316.0  7.81125e-02
  317.0  5.74736e-02
  318.0  3.95414e-02
  319.0  2.53265e-02
  320.0  1.46577e-02
  321.0  7.50365e-03
  322.0  3.64109e-03
  323.0  1.78703e-03
  324.0  9.49327e-04
  325.0  5.81903e-04
  326.0  4.21390e-04
  327.0  3.49793e-04
  328.0  3.19719e-04
  329.0  3.09400e-04
  330.0  0.00000e+00
  331.0  0.00000e+00
  332.0  0.00000e+00
  333.0  0.00000e+00
  334.0  0.00000e+00
  335.0  0.00000e+00
  336.0  0.00000e+00
  337.0  0.00000e+00
  338.0  0.00000e+00
  339.0  0.00000e+00
  340.0  0.00000e+00
  341.0  0.00000e+00
  342.0  0.00000e+00
  343.0  0.00000e+00
  344.0  0.00000e+00
  345.0  0.00000e+00
  346.0  0.00000e+00
  347.0  0.00000e+00
  348.0  0.00000e+00
  349.0  0.00000e+00
  350.0  0.00000e+00
  351.0  0.00000e+00
  352.0  0.00000e+00
  353.0  0.00000e+00
  354.0  0.00000e+00
  355.0  0.00000e+00
  356.0  0.00000e+00
  357.0  0.00000e+00
  358.0  0.00000e+00
  359.0  0.00000e+00
