   19.0  0.00000e+00
   20.0  0.00000e+00
   21.0  0.00000e+00
   22.0  0.00000e+00
   23.0  0.00000e+00
   24.0  0.00000e+00
   25.0  0.00000e+00
   26.0  0.00000e+00
   27.0  0.00000e+00
   28.0  0.00000e+00
   29.0  0.00000e+00
   30.0  0.00000e+00
   31.0  0.00000e+00
   32.0  0.00000e+00
   33.0  0.00000e+00
   34.0  0.00000e+00
   35.0  0.00000e+00
   36.0  0.00000e+00
   37.0  0.00000e+00
   38.0  0.00000e+00
   39.0  0.00000e+00
   40.0  0.00000e+00
   41.0  0.00000e+00
   42.0  0.00000e+00
   43.0  0.00000e+00
   44.0  0.00000e+00
   45.0  0.00000e+00
   46.0  0.00000e+00
   47.0  0.00000e+00
   48.0  0.00000e+00
   49.0  0.00000e+00
   50.0  0.00000e+00
   51.0  0.00000e+00
   52.0  0.00000e+00
   53.0  0.00000e+00
   54.0  0.00000e+00
   55.0  0.00000e+00
   56.0  0.00000e+00
   57.0  0.00000e+00
   58.0  0.00000e+00
   59.0  0.00000e+00
   60.0  7.00765e-03
   61.0  1.01316e-04
   62.0  6.34478e-04
   63.0  6.32894e-03
   64.0  1.68369e-02
   65.0  0.00000e+00
   66.0  2.67229e-05
   67.0  1.58857e-02
   68.0  1.78146e-03
   69.0  7.54928e-03
   70.0  1.48651e-02
   71.0  7.29704e-03
   72.0  3.25946e-02
   73.0  7.87583e-02
   74.0  2.33734e-02
   75.0  0.00000e+00
   76.0  1.67031e-02
   77.0  9.84241e-02
   78.0  2.29534e-01
   79.0  2.76013e-01
   80.0  4.24041e-01
   81.0  3.66812e-01
   82.0  3.98682e-01
   83.0  5.24456e-01
   84.0  4.40010e-01
   85.0  4.81516e-01
   86.0  5.20390e-01
   87.0  6.03780e-01
   88.0  6.16080e-01
   89.0  7.36589e-01
   90.0  7.90457e-01
   91.0  7.83171e-01
   92.0  8.46577e-01
   93.0  7.91169e-01
   94.0  7.80690e-01
   95.0  8.62963e-01
   96.0  8.18948e-01
   97.0  8.06405e-01
   98.0  8.21681e-01
   99.0  8.23028e-01
  100.0  8.22813e-01
  101.0  8.22619e-01
  102.0  8.22443e-01
  103.0  8.22184e-01
  104.0  7.80072e-01
  105.0  6.57175e-01
  106.0  8.05845e-01
  107.0  8.27515e-01
  108.0  8.31288e-01
  109.0  8.55927e-01
  110.0  8.51262e-01
  111.0  8.95305e-01
  112.0  8.80178e-01
  113.0  8.62759e-01
  114.0  8.77120e-01
  115.0  8.91189e-01
  116.0  8.95112e-01
  117.0  8.96852e-01
  118.0  9.03238e-01
  119.0  9.08503e-01
  120.0  9.23800e-01
  121.0  9.42889e-01
  122.0  9.50183e-01
  123.0  9.93603e-01
  124.0  1.00000e+00
  125.0  1.00000e+00
  126.0  1.00000e+00
  127.0  1.00000e+00
  128.0  1.00000e+00
  129.0  1.00000e+00
  130.0  1.00000e+00
  131.0  1.00000e+00
  132.0  1.00000e+00
  133.0  1.00000e+00
  134.0  1.00000e+00
  135.0  1.00000e+00
  136.0  1.00000e+00
  137.0  1.00000e+00
  138.0  1.00000e+00
  139.0  1.00000e+00
  140.0  1.00000e+00
  141.0  1.00000e+00
  142.0  1.00000e+00
  143.0  1.00000e+00
  144.0  1.00000e+00
  145.0  1.00000e+00
  146.0  1.00000e+00
  147.0  1.00000e+00
  148.0  1.00000e+00
  149.0  1.00000e+00
  150.0  1.00000e+00
  151.0  1.00000e+00
  152.0  1.00000e+00
  153.0  1.00000e+00
  154.0  1.00000e+00
  155.0  1.00000e+00
  156.0  1.00000e+00
  157.0  1.00000e+00
  158.0  1.00000e+00
  159.0  1.00000e+00
  160.0  1.00000e+00
  161.0  1.00000e+00
  162.0  1.00000e+00
  163.0  1.00000e+00
  164.0  1.00000e+00
  165.0  1.00000e+00
  166.0  1.00000e+00
  167.0  1.00000e+00
  168.0  1.00000e+00
  169.0  1.00000e+00
  170.0  1.00000e+00
  171.0  1.00000e+00
  172.0  1.00000e+00
  173.0  1.00000e+00
  174.0  1.00000e+00
  175.0  1.00000e+00
  176.0  1.00000e+00
  177.0  1.00000e+00
  178.0  1.00000e+00
  179.0  1.00000e+00
  180.0  1.00000e+00
  181.0  1.00000e+00
  182.0  1.00000e+00
  183.0  1.00000e+00
  184.0  1.00000e+00
  185.0  1.00000e+00
  186.0  1.00000e+00
  187.0  1.00000e+00
  188.0  1.00000e+00
  189.0  1.00000e+00
  190.0  1.00000e+00
  191.0  1.00000e+00
  192.0  1.00000e+00
  193.0  1.00000e+00
  194.0  1.00000e+00
  195.0  1.00000e+00
  196.0  1.00000e+00
  197.0  1.00000e+00
  198.0  1.00000e+00
  199.0  1.00000e+00
  200.0  1.00000e+00
  201.0  1.00000e+00
  202.0  1.00000e+00
  203.0  1.00000e+00
  204.0  1.00000e+00
  205.0  1.00000e+00
  206.0  1.00000e+00
  207.0  1.00000e+00
  208.0  1.00000e+00
  209.0  1.00000e+00
  210.0  1.00000e+00
  211.0  1.00000e+00
  212.0  1.00000e+00
  213.0  1.00000e+00
  214.0  1.00000e+00
  215.0  1.00000e+00
  216.0  1.00000e+00
  217.0  1.00000e+00
  218.0  1.00000e+00
  219.0  1.00000e+00
  220.0  1.00000e+00
  221.0  1.00000e+00
  222.0  1.00000e+00
  223.0  1.00000e+00
  224.0  1.00000e+00
  225.0  1.00000e+00
  226.0  1.00000e+00
  227.0  1.00000e+00
  228.0  1.00000e+00
  229.0  1.00000e+00
  230.0  1.00000e+00
  231.0  1.00000e+00
  232.0  1.00000e+00
  233.0  1.00000e+00
  234.0  1.00000e+00
  235.0  1.00000e+00
  236.0  1.00000e+00
  237.0  1.00000e+00
  238.0  1.00000e+00
  239.0  1.00000e+00
  240.0  1.00000e+00
  241.0  1.00000e+00
  242.0  1.00000e+00
  243.0  1.00000e+00
  244.0  1.00000e+00
  245.0  1.00000e+00
  246.0  1.00000e+00
  247.0  1.00000e+00
  248.0  1.00000e+00
  249.0  1.00000e+00
  250.0  1.00000e+00
  251.0  1.00000e+00
  252.0  1.00000e+00
  253.0  1.00000e+00
  254.0  1.00000e+00
  255.0  1.00000e+00
  256.0  1.00000e+00
  257.0  1.00000e+00
  258.0  1.00000e+00
  259.0  1.00000e+00
  260.0  1.00000e+00
  261.0  1.00000e+00
  262.0  1.00000e+00
  263.0  1.00000e+00
  264.0  1.00000e+00
  265.0  1.00000e+00
  266.0  1.00000e+00
  267.0  1.00000e+00
  268.0  1.00000e+00
  269.0  1.00000e+00
  270.0  1.00000e+00
  271.0  1.00000e+00
  272.0  1.00000e+00
  273.0  1.00000e+00
  274.0  1.00000e+00
  275.0  1.00000e+00
  276.0  9.62594e-01
  277.0  0.00000e+00
  278.0  0.00000e+00
  279.0  0.00000e+00
  280.0  0.00000e+00
  281.0  0.00000e+00
  282.0  0.00000e+00
  283.0  0.00000e+00
  284.0  0.00000e+00
  285.0  0.00000e+00
  286.0  0.00000e+00
  287.0  0.00000e+00
  288.0  0.00000e+00
  289.0  0.00000e+00
  290.0  0.00000e+00
  291.0  0.00000e+00
  292.0  0.00000e+00
  293.0  0.00000e+00
  294.0  0.00000e+00
  295.0  0.00000e+00
  296.0  0.00000e+00
  297.0  0.00000e+00
  298.0  0.00000e+00
  299.0  0.00000e+00
  300.0  0.00000e+00
  301.0  0.00000e+00
  302.0  0.00000e+00
  303.0  0.00000e+00
  304.0  0.00000e+00
  305.0  0.00000e+00
  306.0  0.00000e+00
  307.0  0.00000e+00
  308.0  0.00000e+00
  309.0  0.00000e+00
  310.0  0.00000e+00
  311.0  0.00000e+00
  312.0  0.00000e+00
  313.0  0.00000e+00
  314.0  0.00000e+00
  315.0  0.00000e+00
  316.0  0.00000e+00
  317.0  0.00000e+00
  318.0  0.00000e+00
  319.0  0.00000e+00
  320.0  0.00000e+00
  321.0  0.00000e+00
  322.0  0.00000e+00
  323.0  0.00000e+00
  324.0  0.00000e+00
  325.0  0.00000e+00
  326.0  0.00000e+00
  327.0  0.00000e+00
  328.0  0.00000e+00
  329.0  0.00000e+00
  330.0  0.00000e+00
  331.0  0.00000e+00
  332.0  0.00000e+00
  333.0  0.00000e+00
  334.0  0.00000e+00
  335.0  0.00000e+00
  336.0  0.00000e+00
  337.0  0.00000e+00
  338.0  0.00000e+00
  339.0  0.00000e+00
  340.0  0.00000e+00
  341.0  0.00000e+00
  342.0  0.00000e+00
  343.0  0.00000e+00
  344.0  0.00000e+00
  345.0  0.00000e+00
  346.0  0.00000e+00
  347.0  0.00000e+00
  348.0  0.00000e+00
  349.0  0.00000e+00
  350.0  0.00000e+00
  351.0  0.00000e+00
  352.0  0.00000e+00
  353.0  0.00000e+00
  354.0  0.00000e+00
  355.0  0.00000e+00
  356.0  0.00000e+00
  357.0  0.00000e+00
  358.0  0.00000e+00
  359.0  0.00000e+00
  360.0  0.00000e+00
  361.0  0.00000e+00
  362.0  0.00000e+00
  363.0  0.00000e+00
  364.0  0.00000e+00
  365.0  0.00000e+00
  366.0  0.00000e+00
  367.0  0.00000e+00
  368.0  0.00000e+00
  369.0  0.00000e+00
