    7.0  0.00000e+00
    8.0  0.00000e+00
    9.0  0.00000e+00
   10.0  0.00000e+00
   11.0  0.00000e+00
   12.0  0.00000e+00
   13.0  0.00000e+00
   14.0  0.00000e+00
   15.0  0.00000e+00
   16.0  0.00000e+00
   17.0  0.00000e+00
   18.0  0.00000e+00
   19.0  0.00000e+00
   20.0  0.00000e+00
   21.0  0.00000e+00
   22.0  0.00000e+00
   23.0  0.00000e+00
   24.0  0.00000e+00
   25.0  0.00000e+00
   26.0  0.00000e+00
   27.0  0.00000e+00
   28.0  0.00000e+00
   29.0  0.00000e+00
   30.0  0.00000e+00
   31.0  0.00000e+00
   32.0  0.00000e+00
   33.0  0.00000e+00
   34.0  0.00000e+00
   35.0  0.00000e+00
   36.0  0.00000e+00
   37.0  0.00000e+00
   38.0  0.00000e+00
   39.0  0.00000e+00
   40.0  0.00000e+00
   41.0  0.00000e+00
   42.0  0.00000e+00
   43.0  0.00000e+00
   44.0  0.00000e+00
   45.0  0.00000e+00
   46.0  0.00000e+00
   47.0  0.00000e+00
   48.0  0.00000e+00
   49.0  0.00000e+00
   50.0  0.00000e+00
   51.0  0.00000e+00
   52.0  0.00000e+00
   53.0  0.00000e+00
   54.0  0.00000e+00
   55.0  0.00000e+00
   56.0  0.00000e+00
   57.0  0.00000e+00
   58.0  0.00000e+00
   59.0  0.00000e+00
   60.0  0.00000e+00
   61.0  0.00000e+00
   62.0  0.00000e+00
   63.0  0.00000e+00
   64.0  0.00000e+00
   65.0  0.00000e+00
   66.0  0.00000e+00
   67.0  0.00000e+00
   68.0  0.00000e+00
   69.0  0.00000e+00
   70.0  0.00000e+00
   71.0  0.00000e+00
   72.0  0.00000e+00
   73.0  0.00000e+00
   74.0  0.00000e+00
   75.0  0.00000e+00
   76.0  0.00000e+00
   77.0  0.00000e+00
   78.0  0.00000e+00
   79.0  0.00000e+00
   80.0  0.00000e+00
   81.0  0.00000e+00
   82.0  0.00000e+00
   83.0  0.00000e+00
   84.0  0.00000e+00
   85.0  0.00000e+00
   86.0  0.00000e+00
   87.0  0.00000e+00
   88.0  0.00000e+00
   89.0  0.00000e+00
   90.0  0.00000e+00
   91.0  0.00000e+00
   92.0  0.00000e+00
   93.0  0.00000e+00
   94.0  0.00000e+00
   95.0  0.00000e+00
   96.0  0.00000e+00
   97.0  0.00000e+00
   98.0  0.00000e+00
   99.0  0.00000e+00
  100.0  0.00000e+00
  101.0  0.00000e+00
  102.0  0.00000e+00
  103.0  0.00000e+00
  104.0  0.00000e+00
  105.0  0.00000e+00
  106.0  0.00000e+00
  107.0  0.00000e+00
  108.0  0.00000e+00
  109.0  0.00000e+00
  110.0  0.00000e+00
  111.0  0.00000e+00
  112.0  0.00000e+00
  113.0  0.00000e+00
  114.0  0.00000e+00
  115.0  0.00000e+00
  116.0  0.00000e+00
  117.0  0.00000e+00
  118.0  0.00000e+00
  119.0  0.00000e+00
  120.0  0.00000e+00
  121.0  0.00000e+00
  122.0  0.00000e+00
  123.0  0.00000e+00
  124.0  0.00000e+00
  125.0  0.00000e+00
  126.0  0.00000e+00
  127.0  0.00000e+00
  128.0  0.00000e+00
  129.0  0.00000e+00
  130.0  0.00000e+00
  131.0  0.00000e+00
  132.0  0.00000e+00
  133.0  0.00000e+00
  134.0  0.00000e+00
  135.0  0.00000e+00
  136.0  0.00000e+00
  137.0  0.00000e+00
  138.0  0.00000e+00
  139.0  0.00000e+00
  140.0  0.00000e+00
  141.0  0.00000e+00
  142.0  0.00000e+00
  143.0  0.00000e+00
  144.0  0.00000e+00
  145.0  0.00000e+00
  146.0  0.00000e+00
  147.0  0.00000e+00
  148.0  0.00000e+00
  149.0  0.00000e+00
  150.0  0.00000e+00
  151.0  0.00000e+00
  152.0  0.00000e+00
  153.0  0.00000e+00
  154.0  0.00000e+00
  155.0  0.00000e+00
  156.0  0.00000e+00
  157.0  0.00000e+00
  158.0  0.00000e+00
  159.0  0.00000e+00
  160.0  0.00000e+00
  161.0  0.00000e+00
  162.0  0.00000e+00
  163.0  0.00000e+00
  164.0  0.00000e+00
  165.0  0.00000e+00
  166.0  0.00000e+00
  167.0  0.00000e+00
  168.0  0.00000e+00
  169.0  0.00000e+00
  170.0  0.00000e+00
  171.0  0.00000e+00
  172.0  0.00000e+00
  173.0  0.00000e+00
  174.0  0.00000e+00
  175.0  0.00000e+00
  176.0  0.00000e+00
  177.0  0.00000e+00
  178.0  0.00000e+00
  179.0  0.00000e+00
  180.0  0.00000e+00
  181.0  0.00000e+00
  182.0  0.00000e+00
  183.0  0.00000e+00
  184.0  0.00000e+00
  185.0  1.35500e-03
  186.0  4.66400e-03
  187.0  9.14400e-03
  188.0  1.47370e-02
  189.0  2.13850e-02
  190.0  2.90240e-02
  191.0  3.75900e-02
  192.0  4.70170e-02
  193.0  5.72390e-02
  194.0  6.81900e-02
  195.0  7.98020e-02
  196.0  9.20100e-02
  197.0  1.04749e-01
  198.0  1.17954e-01
  199.0  1.31564e-01
  200.0  1.46367e-01
  201.0  1.57974e-01
  202.0  1.70393e-01
  203.0  1.83596e-01
  204.0  1.97532e-01
  205.0  2.12127e-01
  206.0  2.27278e-01
  207.0  2.42851e-01
  208.0  2.58681e-01
  209.0  2.74569e-01
  210.0  2.90300e-01
  211.0  3.05730e-01
  212.0  3.20807e-01
  213.0  3.35516e-01
  214.0  3.49858e-01
  215.0  3.63854e-01
  216.0  3.77542e-01
  217.0  3.90980e-01
  218.0  4.04242e-01
  219.0  4.17420e-01
  220.0  4.31358e-01
  221.0  4.45973e-01
  222.0  4.60387e-01
  223.0  4.74607e-01
  224.0  4.88648e-01
  225.0  5.02530e-01
  226.0  5.16280e-01
  227.0  5.29930e-01
  228.0  5.43521e-01
  229.0  5.57098e-01
  230.0  5.71182e-01
  231.0  5.85737e-01
  232.0  6.00225e-01
  233.0  6.14644e-01
  234.0  6.28990e-01
  235.0  6.43263e-01
  236.0  6.57465e-01
  237.0  6.71598e-01
  238.0  6.85667e-01
  239.0  6.99676e-01
  240.0  7.14603e-01
  241.0  7.30543e-01
  242.0  7.46529e-01
  243.0  7.62383e-01
  244.0  7.77911e-01
  245.0  7.92907e-01
  246.0  8.07150e-01
  247.0  8.20411e-01
  248.0  8.32451e-01
  249.0  8.43026e-01
  250.0  8.53514e-01
  251.0  8.63926e-01
  252.0  8.72448e-01
  253.0  8.78437e-01
  254.0  8.81248e-01
  255.0  8.80265e-01
  256.0  8.75185e-01
  257.0  8.66602e-01
  258.0  8.56134e-01
  259.0  8.45330e-01
  260.0  8.35887e-01
  261.0  8.26984e-01
  262.0  8.19475e-01
  263.0  8.09155e-01
  264.0  8.00025e-01
  265.0  7.90214e-01
  266.0  7.79634e-01
  267.0  7.71481e-01
  268.0  7.62989e-01
  269.0  7.53846e-01
  270.0  7.44615e-01
  271.0  7.35933e-01
  272.0  7.25093e-01
  273.0  7.17267e-01
  274.0  7.07105e-01
  275.0  6.95287e-01
  276.0  6.88511e-01
  277.0  6.78397e-01
  278.0  6.70616e-01
  279.0  6.61024e-01
  280.0  6.52634e-01
  281.0  6.42746e-01
  282.0  6.33704e-01
  283.0  6.23965e-01
  284.0  6.14595e-01
  285.0  6.03842e-01
  286.0  5.95556e-01
  287.0  5.87759e-01
  288.0  5.77230e-01
  289.0  5.68580e-01
  290.0  5.59808e-01
  291.0  5.50167e-01
  292.0  5.40128e-01
  293.0  5.31058e-01
  294.0  5.23109e-01
  295.0  5.12081e-01
  296.0  5.03880e-01
  297.0  4.95959e-01
  298.0  4.88056e-01
  299.0  4.80857e-01
  300.0  4.75036e-01
  301.0  4.71069e-01
  302.0  4.68599e-01
  303.0  4.66126e-01
  304.0  4.61741e-01
  305.0  4.58472e-01
  306.0  4.56187e-01
  307.0  4.52591e-01
  308.0  4.49914e-01
  309.0  4.47501e-01
  310.0  4.43161e-01
  311.0  4.39001e-01
  312.0  4.35383e-01
  313.0  4.32818e-01
  314.0  4.29738e-01
  315.0  4.25514e-01
  316.0  4.22177e-01
  317.0  4.17269e-01
  318.0  4.11002e-01
  319.0  4.08306e-01
  320.0  4.05816e-01
  321.0  4.01537e-01
  322.0  3.97096e-01
  323.0  3.92862e-01
  324.0  3.88065e-01
  325.0  3.83996e-01
  326.0  3.75931e-01
  327.0  3.58487e-01
  328.0  3.36884e-01
  329.0  3.14556e-01
  330.0  2.84000e-01
  331.0  2.52500e-01
  332.0  2.15347e-01
  333.0  1.71847e-01
  334.0  0.00000e+00
  335.0  0.00000e+00
  336.0  0.00000e+00
  337.0  0.00000e+00
  338.0  0.00000e+00
  339.0  0.00000e+00
  340.0  0.00000e+00
  341.0  0.00000e+00
  342.0  0.00000e+00
  343.0  0.00000e+00
  344.0  0.00000e+00
  345.0  0.00000e+00
  346.0  0.00000e+00
  347.0  0.00000e+00
  348.0  0.00000e+00
  349.0  0.00000e+00
  350.0  0.00000e+00
  351.0  0.00000e+00
  352.0  0.00000e+00
  353.0  0.00000e+00
  354.0  0.00000e+00
  355.0  0.00000e+00
  356.0  0.00000e+00
  357.0  0.00000e+00
  358.0  0.00000e+00
  359.0  0.00000e+00
  360.0  0.00000e+00
  361.0  0.00000e+00
  362.0  0.00000e+00
  363.0  0.00000e+00
  364.0  0.00000e+00
  365.0  0.00000e+00
  366.0  0.00000e+00
  367.0  0.00000e+00
  368.0  0.00000e+00
  369.0  0.00000e+00
  370.0  0.00000e+00
  371.0  0.00000e+00
  372.0  0.00000e+00
  373.0  0.00000e+00
  374.0  0.00000e+00
  375.0  0.00000e+00
