  100.0  8.00000e-01
  101.0  8.00000e-01
  102.0  8.00000e-01
  103.0  8.00000e-01
  104.0  8.00000e-01
  105.0  8.00000e-01
  106.0  8.00000e-01
  107.0  8.00000e-01
  108.0  8.00000e-01
  109.0  8.00000e-01
  110.0  8.00000e-01
  111.0  8.00000e-01
  112.0  8.00000e-01
  113.0  8.00000e-01
  114.0  8.00000e-01
  115.0  8.00000e-01
  116.0  8.00000e-01
  117.0  8.00000e-01
  118.0  8.00000e-01
  119.0  8.00000e-01
  120.0  8.00000e-01
  121.0  8.00000e-01
  122.0  8.00000e-01
  123.0  8.00000e-01
  124.0  8.00000e-01
  125.0  8.00000e-01
  126.0  8.00000e-01
  127.0  8.00000e-01
  128.0  8.00000e-01
  129.0  8.00000e-01
  130.0  8.00000e-01
  131.0  8.00000e-01
  132.0  8.00000e-01
  133.0  8.00000e-01
  134.0  8.00000e-01
  135.0  8.00000e-01
  136.0  8.00000e-01
  137.0  8.00000e-01
  138.0  8.00000e-01
  139.0  8.00000e-01
  140.0  8.00000e-01
  141.0  8.00000e-01
  142.0  8.00000e-01
  143.0  8.00000e-01
  144.0  8.00000e-01
  145.0  8.00000e-01
  146.0  8.00000e-01
  147.0  8.00000e-01
  148.0  8.00000e-01
  149.0  8.00000e-01
  150.0  8.00000e-01
  151.0  8.00000e-01
  152.0  8.00000e-01
  153.0  8.00000e-01
  154.0  8.00000e-01
  155.0  8.00000e-01
  156.0  8.00000e-01
  157.0  8.00000e-01
  158.0  8.00000e-01
  159.0  8.00000e-01
  160.0  8.00000e-01
  161.0  8.00000e-01
  162.0  8.00000e-01
  163.0  8.00000e-01
  164.0  8.00000e-01
  165.0  8.00000e-01
  166.0  8.00000e-01
  167.0  8.00000e-01
  168.0  8.00000e-01
  169.0  8.00000e-01
  170.0  8.00000e-01
  171.0  8.00000e-01
  172.0  8.00000e-01
  173.0  8.00000e-01
  174.0  8.00000e-01
  175.0  8.00000e-01
  176.0  8.00000e-01
  177.0  8.00000e-01
  178.0  8.00000e-01
  179.0  8.00000e-01
  180.0  8.00000e-01
  181.0  8.00000e-01
  182.0  8.00000e-01
  183.0  8.00000e-01
  184.0  8.00000e-01
  185.0  8.00000e-01
  186.0  8.00000e-01
  187.0  8.00000e-01
  188.0  8.00000e-01
  189.0  8.00000e-01
  190.0  8.00000e-01
  191.0  8.00000e-01
  192.0  8.00000e-01
  193.0  8.00000e-01
  194.0  8.00000e-01
  195.0  8.00000e-01
  196.0  8.00000e-01
  197.0  8.00000e-01
  198.0  8.00000e-01
  199.0  8.00000e-01
  200.0  8.00000e-01
  201.0  8.00000e-01
  202.0  8.00000e-01
  203.0  8.00000e-01
  204.0  8.00000e-01
  205.0  8.00000e-01
  206.0  8.00000e-01
  207.0  8.00000e-01
  208.0  8.00000e-01
  209.0  8.00000e-01
  210.0  8.00000e-01
  211.0  8.00000e-01
  212.0  8.00000e-01
  213.0  8.00000e-01
  214.0  8.00000e-01
  215.0  8.00000e-01
  216.0  8.00000e-01
  217.0  8.00000e-01
  218.0  8.00000e-01
  219.0  8.00000e-01
  220.0  8.00000e-01
  221.0  8.00000e-01
  222.0  8.00000e-01
  223.0  8.00000e-01
  224.0  8.00000e-01
  225.0  8.00000e-01
  226.0  8.00000e-01
  227.0  8.00000e-01
  228.0  8.00000e-01
  229.0  8.00000e-01
  230.0  8.00000e-01
  231.0  8.00000e-01
  232.0  8.00000e-01
  233.0  8.00000e-01
  234.0  8.00000e-01
  235.0  8.00000e-01
  236.0  8.00000e-01
  237.0  8.00000e-01
  238.0  8.00000e-01
  239.0  8.00000e-01
  240.0  8.00000e-01
  241.0  8.00000e-01
  242.0  8.00000e-01
  243.0  8.00000e-01
  244.0  8.00000e-01
  245.0  8.00000e-01
  246.0  8.00000e-01
  247.0  8.00000e-01
  248.0  8.00000e-01
  249.0  8.00000e-01
  250.0  8.00000e-01
  251.0  8.00000e-01
  252.0  8.00000e-01
  253.0  8.00000e-01
  254.0  8.00000e-01
  255.0  8.00000e-01
  256.0  8.00000e-01
  257.0  8.00000e-01
  258.0  8.00000e-01
  259.0  8.00000e-01
  260.0  8.00000e-01
  261.0  8.00000e-01
  262.0  8.00000e-01
  263.0  8.00000e-01
  264.0  8.00000e-01
  265.0  8.00000e-01
  266.0  8.00000e-01
  267.0  8.00000e-01
  268.0  8.00000e-01
  269.0  8.00000e-01
  270.0  8.00000e-01
  271.0  8.00000e-01
  272.0  8.00000e-01
  273.0  8.00000e-01
  274.0  8.00000e-01
  275.0  8.00000e-01
  276.0  8.00000e-01
  277.0  8.00000e-01
  278.0  8.00000e-01
  279.0  8.00000e-01
  280.0  8.00000e-01
  281.0  8.00000e-01
  282.0  8.00000e-01
  283.0  8.00000e-01
  284.0  8.00000e-01
  285.0  8.00000e-01
  286.0  8.00000e-01
  287.0  8.00000e-01
  288.0  8.00000e-01
  289.0  8.00000e-01
  290.0  8.00000e-01
  291.0  8.00000e-01
  292.0  8.00000e-01
  293.0  8.00000e-01
  294.0  8.00000e-01
  295.0  8.00000e-01
  296.0  8.00000e-01
  297.0  8.00000e-01
  298.0  8.00000e-01
  299.0  8.00000e-01
  300.0  8.00000e-01
