    7.0  8.28750e-02
    8.0  8.39250e-02
    9.0  8.49750e-02
   10.0  8.60250e-02
   11.0  8.70750e-02
   12.0  8.81250e-02
   13.0  8.91750e-02
   14.0  9.02250e-02
   15.0  9.12750e-02
   16.0  9.23250e-02
   17.0  9.33750e-02
   18.0  9.44250e-02
   19.0  9.54750e-02
   20.0  9.65250e-02
   21.0  9.75750e-02
   22.0  9.86250e-02
   23.0  9.96750e-02
   24.0  1.00725e-01
   25.0  1.01775e-01
   26.0  1.02825e-01
   27.0  1.03875e-01
   28.0  1.04925e-01
   29.0  1.05975e-01
   30.0  1.07025e-01
   31.0  1.08075e-01
   32.0  1.09125e-01
   33.0  1.10175e-01
   34.0  1.11225e-01
   35.0  1.12275e-01
   36.0  1.13325e-01
   37.0  1.14375e-01
   38.0  1.15425e-01
   39.0  1.16475e-01
   40.0  1.17525e-01
   41.0  1.18575e-01
   42.0  1.19625e-01
   43.0  1.20675e-01
   44.0  1.21725e-01
   45.0  1.22775e-01
   46.0  1.23825e-01
   47.0  1.24875e-01
   48.0  1.25925e-01
   49.0  1.26975e-01
   50.0  1.28025e-01
   51.0  1.29075e-01
   52.0  1.30125e-01
   53.0  1.31175e-01
   54.0  1.32225e-01
   55.0  1.33275e-01
   56.0  1.34325e-01
   57.0  1.35375e-01
   58.0  1.36425e-01
   59.0  1.37475e-01
   60.0  1.36000e-01
   61.0  1.34000e-01
   62.0  1.34500e-01
   63.0  1.32000e-01
   64.0  1.27000e-01
   65.0  1.29500e-01
   66.0  1.64000e-01
   67.0  2.09000e-01
   68.0  2.21000e-01
   69.0  2.18000e-01
   70.0  2.19316e-01
   71.0  2.21947e-01
   72.0  2.23436e-01
   73.0  2.20267e-01
   74.0  2.16750e-01
   75.0  2.06736e-01
   76.0  1.95785e-01
   77.0  1.66228e-01
   78.0  1.42646e-01
   79.0  1.29031e-01
   80.0  1.30148e-01
   81.0  1.56371e-01
   82.0  1.82213e-01
   83.0  2.12893e-01
   84.0  2.61435e-01
   85.0  2.90692e-01
   86.0  3.35000e-01
   87.0  3.74000e-01
   88.0  4.00800e-01
   89.0  4.37305e-01
   90.0  4.40000e-01
   91.0  4.66875e-01
   92.0  4.77600e-01
   93.0  4.91000e-01
   94.0  4.80684e-01
   95.0  4.87410e-01
   96.0  4.84048e-01
   97.0  4.75889e-01
   98.0  7.50000e-01
   99.0  7.50000e-01
  100.0  7.50000e-01
  101.0  7.50000e-01
  102.0  7.50000e-01
  103.0  7.50000e-01
  104.0  7.50000e-01
  105.0  7.50000e-01
  106.0  7.50000e-01
  107.0  7.50000e-01
  108.0  7.50000e-01
  109.0  7.50000e-01
  110.0  7.50000e-01
  111.0  7.50000e-01
  112.0  7.50000e-01
  113.0  7.50000e-01
  114.0  7.50000e-01
  115.0  7.50000e-01
  116.0  7.50000e-01
  117.0  7.50000e-01
  118.0  7.50000e-01
  119.0  7.50000e-01
  120.0  7.50000e-01
  121.0  7.50000e-01
  122.0  7.50000e-01
  123.0  7.50000e-01
  124.0  7.50000e-01
  125.0  7.50000e-01
  126.0  7.50000e-01
  127.0  7.50000e-01
  128.0  7.50000e-01
  129.0  7.50000e-01
  130.0  7.50000e-01
  131.0  7.50000e-01
  132.0  7.50000e-01
  133.0  7.50000e-01
  134.0  7.50000e-01
  135.0  7.50000e-01
  136.0  7.50000e-01
  137.0  7.50000e-01
  138.0  7.50000e-01
  139.0  7.50000e-01
  140.0  7.50000e-01
  141.0  7.50000e-01
  142.0  7.50000e-01
  143.0  7.50000e-01
  144.0  7.50000e-01
  145.0  1.00000e+00
  146.0  1.00000e+00
  147.0  1.00000e+00
  148.0  1.00000e+00
  149.0  1.00000e+00
  150.0  1.00000e+00
  151.0  1.00000e+00
  152.0  1.00000e+00
  153.0  1.00000e+00
  154.0  1.00000e+00
  155.0  1.00000e+00
  156.0  1.00000e+00
  157.0  1.00000e+00
  158.0  1.00000e+00
  159.0  1.00000e+00
  160.0  1.00000e+00
  161.0  1.00000e+00
  162.0  1.00000e+00
  163.0  1.00000e+00
  164.0  1.00000e+00
  165.0  1.00000e+00
  166.0  1.00000e+00
  167.0  1.00000e+00
  168.0  1.00000e+00
  169.0  1.00000e+00
  170.0  1.00000e+00
  171.0  1.00000e+00
  172.0  1.00000e+00
  173.0  1.00000e+00
  174.0  1.00000e+00
  175.0  1.00000e+00
  176.0  1.00000e+00
  177.0  1.00000e+00
  178.0  1.00000e+00
  179.0  1.00000e+00
  180.0  1.00000e+00
  181.0  1.00000e+00
  182.0  1.00000e+00
  183.0  1.00000e+00
  184.0  1.00000e+00
  185.0  1.00000e+00
  186.0  1.00000e+00
  187.0  1.00000e+00
  188.0  1.00000e+00
  189.0  1.00000e+00
  190.0  1.00000e+00
  191.0  1.00000e+00
  192.0  1.00000e+00
  193.0  1.00000e+00
  194.0  1.00000e+00
  195.0  1.00000e+00
  196.0  1.00000e+00
  197.0  1.00000e+00
  198.0  1.00000e+00
  199.0  1.00000e+00
  200.0  1.00000e+00
  201.0  1.00000e+00
  202.0  1.00000e+00
  203.0  1.00000e+00
  204.0  1.00000e+00
  205.0  1.00000e+00
  206.0  1.00000e+00
  207.0  1.00000e+00
  208.0  1.00000e+00
  209.0  1.00000e+00
  210.0  1.00000e+00
  211.0  1.00000e+00
  212.0  1.00000e+00
  213.0  1.00000e+00
  214.0  1.00000e+00
  215.0  1.00000e+00
