  200.0  1.00000e+00
  201.0  1.00000e+00
  202.0  1.00000e+00
  203.0  1.00000e+00
  204.0  1.00000e+00
  205.0  1.00000e+00
  206.0  1.00000e+00
  207.0  1.00000e+00
  208.0  1.00000e+00
  209.0  1.00000e+00
  210.0  1.00000e+00
  211.0  1.00000e+00
  212.0  1.00000e+00
  213.0  1.00000e+00
  214.0  1.00000e+00
  215.0  1.00000e+00
  216.0  1.00000e+00
  217.0  1.00000e+00
  218.0  1.00000e+00
  219.0  1.00000e+00
  220.0  1.00000e+00
  221.0  1.00000e+00
  222.0  1.00000e+00
  223.0  1.00000e+00
  224.0  1.00000e+00
  225.0  1.00000e+00
  226.0  1.00000e+00
  227.0  1.00000e+00
  228.0  1.00000e+00
  229.0  1.00000e+00
  230.0  1.00000e+00
  231.0  1.00000e+00
  232.0  1.00000e+00
  233.0  1.00000e+00
  234.0  1.00000e+00
  235.0  1.00000e+00
  236.0  1.00000e+00
  237.0  1.00000e+00
  238.0  1.00000e+00
  239.0  1.00000e+00
  240.0  1.00000e+00
  241.0  1.00000e+00
  242.0  1.00000e+00
  243.0  1.00000e+00
  244.0  1.00000e+00
  245.0  1.00000e+00
  246.0  1.00000e+00
  247.0  1.00000e+00
  248.0  1.00000e+00
  249.0  1.00000e+00
  250.0  1.00000e+00
  251.0  1.00000e+00
  252.0  1.00000e+00
  253.0  1.00000e+00
  254.0  1.00000e+00
  255.0  1.00000e+00
  256.0  1.00000e+00
  257.0  1.00000e+00
  258.0  1.00000e+00
  259.0  1.00000e+00
  260.0  1.00000e+00
  261.0  1.00000e+00
  262.0  1.00000e+00
  263.0  1.00000e+00
  264.0  1.00000e+00
  265.0  1.00000e+00
  266.0  1.00000e+00
  267.0  1.00000e+00
  268.0  1.00000e+00
  269.0  1.00000e+00
  270.0  1.00000e+00
  271.0  1.00000e+00
  272.0  1.00000e+00
  273.0  1.00000e+00
  274.0  1.00000e+00
  275.0  1.00000e+00
  276.0  1.00000e+00
  277.0  1.00000e+00
  278.0  1.00000e+00
  279.0  1.00000e+00
  280.0  1.00000e+00
  281.0  1.00000e+00
  282.0  1.00000e+00
  283.0  1.00000e+00
  284.0  1.00000e+00
  285.0  1.00000e+00
  286.0  1.00000e+00
  287.0  1.00000e+00
  288.0  1.00000e+00
  289.0  1.00000e+00
  290.0  1.00000e+00
  291.0  1.00000e+00
  292.0  1.00000e+00
  293.0  1.00000e+00
  294.0  1.00000e+00
  295.0  1.00000e+00
  296.0  1.00000e+00
  297.0  1.00000e+00
  298.0  1.00000e+00
  299.0  1.00000e+00
  300.0  1.00000e+00
  301.0  1.00000e+00
  302.0  1.00000e+00
  303.0  1.00000e+00
  304.0  1.00000e+00
  305.0  1.00000e+00
  306.0  1.00000e+00
  307.0  1.00000e+00
  308.0  1.00000e+00
  309.0  1.00000e+00
  310.0  1.00000e+00
  311.0  1.00000e+00
  312.0  1.00000e+00
  313.0  1.00000e+00
  314.0  1.00000e+00
  315.0  1.00000e+00
  316.0  1.00000e+00
  317.0  1.00000e+00
  318.0  1.00000e+00
  319.0  1.00000e+00
  320.0  1.00000e+00
  321.0  1.00000e+00
  322.0  1.00000e+00
  323.0  1.00000e+00
  324.0  1.00000e+00
  325.0  1.00000e+00
  326.0  1.00000e+00
  327.0  1.00000e+00
  328.0  1.00000e+00
  329.0  1.00000e+00
  330.0  1.00000e+00
  331.0  1.00000e+00
  332.0  1.00000e+00
  333.0  1.00000e+00
  334.0  1.00000e+00
  335.0  1.00000e+00
  336.0  1.00000e+00
  337.0  1.00000e+00
  338.0  1.00000e+00
  339.0  1.00000e+00
  340.0  1.00000e+00
  341.0  1.00000e+00
  342.0  1.00000e+00
  343.0  1.00000e+00
  344.0  1.00000e+00
  345.0  1.00000e+00
  346.0  1.00000e+00
  347.0  1.00000e+00
  348.0  1.00000e+00
  349.0  1.00000e+00
  350.0  1.00000e+00
  351.0  1.00000e+00
  352.0  1.00000e+00
  353.0  1.00000e+00
  354.0  1.00000e+00
  355.0  1.00000e+00
  356.0  1.00000e+00
  357.0  1.00000e+00
  358.0  1.00000e+00
  359.0  1.00000e+00
  360.0  1.00000e+00
  361.0  1.00000e+00
  362.0  1.00000e+00
  363.0  1.00000e+00
  364.0  1.00000e+00
  365.0  1.00000e+00
  366.0  1.00000e+00
  367.0  1.00000e+00
  368.0  1.00000e+00
  369.0  1.00000e+00
  370.0  1.00000e+00
  371.0  1.00000e+00
  372.0  1.00000e+00
  373.0  1.00000e+00
  374.0  1.00000e+00
  375.0  1.00000e+00
  376.0  1.00000e+00
  377.0  1.00000e+00
  378.0  1.00000e+00
  379.0  1.00000e+00
  380.0  1.00000e+00
  381.0  1.00000e+00
  382.0  1.00000e+00
  383.0  1.00000e+00
  384.0  1.00000e+00
  385.0  1.00000e+00
  386.0  1.00000e+00
  387.0  1.00000e+00
  388.0  1.00000e+00
  389.0  1.00000e+00
  390.0  1.00000e+00
  391.0  1.00000e+00
  392.0  1.00000e+00
  393.0  1.00000e+00
  394.0  1.00000e+00
  395.0  1.00000e+00
  396.0  1.00000e+00
  397.0  1.00000e+00
  398.0  1.00000e+00
  399.0  1.00000e+00
  400.0  1.00000e+00
  401.0  1.00000e+00
  402.0  1.00000e+00
  403.0  1.00000e+00
  404.0  1.00000e+00
  405.0  1.00000e+00
  406.0  1.00000e+00
  407.0  1.00000e+00
  408.0  1.00000e+00
  409.0  1.00000e+00
  410.0  1.00000e+00
  411.0  1.00000e+00
  412.0  1.00000e+00
  413.0  1.00000e+00
  414.0  1.00000e+00
  415.0  1.00000e+00
  416.0  1.00000e+00
  417.0  1.00000e+00
  418.0  1.00000e+00
  419.0  1.00000e+00
  420.0  1.00000e+00
  421.0  1.00000e+00
  422.0  1.00000e+00
  423.0  1.00000e+00
  424.0  1.00000e+00
  425.0  1.00000e+00
  426.0  1.00000e+00
  427.0  1.00000e+00
  428.0  1.00000e+00
  429.0  1.00000e+00
  430.0  1.00000e+00
  431.0  1.00000e+00
  432.0  1.00000e+00
  433.0  1.00000e+00
  434.0  1.00000e+00
  435.0  1.00000e+00
  436.0  1.00000e+00
  437.0  1.00000e+00
  438.0  1.00000e+00
  439.0  1.00000e+00
  440.0  1.00000e+00
  441.0  1.00000e+00
  442.0  1.00000e+00
  443.0  1.00000e+00
  444.0  1.00000e+00
  445.0  1.00000e+00
  446.0  1.00000e+00
  447.0  1.00000e+00
  448.0  1.00000e+00
  449.0  1.00000e+00
  450.0  1.00000e+00
  451.0  1.00000e+00
  452.0  1.00000e+00
  453.0  1.00000e+00
