  106.0  1.00000e+00
  107.0  1.00000e+00
  108.0  1.00000e+00
  109.0  1.00000e+00
  110.0  1.00000e+00
  111.0  1.00000e+00
  112.0  1.00000e+00
  113.0  1.00000e+00
  114.0  1.00000e+00
  115.0  1.00000e+00
  116.0  1.00000e+00
  117.0  1.00000e+00
  118.0  1.00000e+00
  119.0  1.00000e+00
  120.0  1.00000e+00
  121.0  1.00000e+00
  122.0  1.00000e+00
  123.0  1.00000e+00
  124.0  1.00000e+00
  125.0  1.00000e+00
  126.0  1.00000e+00
  127.0  1.00000e+00
  128.0  1.00000e+00
  129.0  1.00000e+00
  130.0  1.00000e+00
  131.0  1.00000e+00
  132.0  1.00000e+00
  133.0  1.00000e+00
  134.0  1.00000e+00
  135.0  1.00000e+00
  136.0  1.00000e+00
  137.0  1.00000e+00
  138.0  1.00000e+00
  139.0  1.00000e+00
  140.0  1.00000e+00
  141.0  1.00000e+00
  142.0  1.00000e+00
  143.0  1.00000e+00
  144.0  1.00000e+00
  145.0  1.00000e+00
  146.0  1.00000e+00
  147.0  1.00000e+00
  148.0  1.00000e+00
  149.0  1.00000e+00
  150.0  1.00000e+00
  151.0  1.00000e+00
  152.0  1.00000e+00
  153.0  1.00000e+00
  154.0  1.00000e+00
  155.0  1.00000e+00
  156.0  1.00000e+00
  157.0  1.00000e+00
  158.0  1.00000e+00
  159.0  1.00000e+00
  160.0  1.00000e+00
  161.0  1.00000e+00
  162.0  1.00000e+00
  163.0  1.00000e+00
  164.0  1.00000e+00
  165.0  1.00000e+00
  166.0  1.00000e+00
  167.0  1.00000e+00
  168.0  1.00000e+00
  169.0  1.00000e+00
  170.0  1.00000e+00
  171.0  1.00000e+00
  172.0  1.00000e+00
  173.0  1.00000e+00
  174.0  1.00000e+00
  175.0  1.00000e+00
  176.0  1.00000e+00
  177.0  1.00000e+00
  178.0  1.00000e+00
  179.0  1.00000e+00
  180.0  1.00000e+00
  181.0  1.00000e+00
  182.0  1.00000e+00
  183.0  1.00000e+00
  184.0  1.00000e+00
  185.0  1.00000e+00
  186.0  1.00000e+00
  187.0  1.00000e+00
  188.0  1.00000e+00
  189.0  1.00000e+00
  190.0  1.00000e+00
  191.0  1.00000e+00
  192.0  1.00000e+00
  193.0  1.00000e+00
  194.0  1.00000e+00
  195.0  1.00000e+00
  196.0  1.00000e+00
  197.0  1.00000e+00
  198.0  1.00000e+00
  199.0  1.00000e+00
  200.0  1.00000e+00
  201.0  1.00000e+00
  202.0  1.00000e+00
  203.0  1.00000e+00
  204.0  1.00000e+00
  205.0  1.00000e+00
  206.0  1.00000e+00
  207.0  1.00000e+00
  208.0  1.00000e+00
  209.0  1.00000e+00
  210.0  1.00000e+00
  211.0  1.00000e+00
  212.0  1.00000e+00
  213.0  1.00000e+00
  214.0  1.00000e+00
  215.0  1.00000e+00
  216.0  1.00000e+00
  217.0  1.00000e+00
  218.0  1.00000e+00
  219.0  1.00000e+00
  220.0  1.00000e+00
  221.0  1.00000e+00
  222.0  1.00000e+00
  223.0  1.00000e+00
  224.0  1.00000e+00
  225.0  1.00000e+00
  226.0  1.00000e+00
  227.0  1.00000e+00
  228.0  1.00000e+00
  229.0  1.00000e+00
  230.0  1.00000e+00
  231.0  1.00000e+00
  232.0  1.00000e+00
  233.0  1.00000e+00
  234.0  1.00000e+00
  235.0  1.00000e+00
  236.0  1.00000e+00
  237.0  1.00000e+00
  238.0  1.00000e+00
  239.0  1.00000e+00
  240.0  1.00000e+00
  241.0  1.00000e+00
  242.0  1.00000e+00
  243.0  1.00000e+00
  244.0  1.00000e+00
  245.0  1.00000e+00
  246.0  1.00000e+00
  247.0  1.00000e+00
  248.0  1.00000e+00
  249.0  1.00000e+00
  250.0  1.00000e+00
  251.0  1.00000e+00
  252.0  1.00000e+00
  253.0  1.00000e+00
  254.0  1.00000e+00
  255.0  1.00000e+00
  256.0  1.00000e+00
  257.0  1.00000e+00
  258.0  1.00000e+00
  259.0  1.00000e+00
  260.0  1.00000e+00
  261.0  1.00000e+00
  262.0  1.00000e+00
  263.0  1.00000e+00
  264.0  1.00000e+00
  265.0  1.00000e+00
  266.0  1.00000e+00
  267.0  1.00000e+00
  268.0  1.00000e+00
  269.0  1.00000e+00
  270.0  1.00000e+00
  271.0  1.00000e+00
  272.0  1.00000e+00
  273.0  1.00000e+00
  274.0  1.00000e+00
  275.0  1.00000e+00
  276.0  1.00000e+00
  277.0  1.00000e+00
  278.0  1.00000e+00
  279.0  1.00000e+00
  280.0  1.00000e+00
  281.0  1.00000e+00
  282.0  1.00000e+00
  283.0  1.00000e+00
  284.0  1.00000e+00
  285.0  1.00000e+00
  286.0  1.00000e+00
  287.0  1.00000e+00
  288.0  1.00000e+00
  289.0  1.00000e+00
  290.0  1.00000e+00
