    7.0  0.00000e+00
    8.0  0.00000e+00
    9.0  0.00000e+00
   10.0  0.00000e+00
   11.0  0.00000e+00
   12.0  0.00000e+00
   13.0  0.00000e+00
   14.0  0.00000e+00
   15.0  0.00000e+00
   16.0  0.00000e+00
   17.0  0.00000e+00
   18.0  0.00000e+00
   19.0  0.00000e+00
   20.0  0.00000e+00
   21.0  0.00000e+00
   22.0  0.00000e+00
   23.0  0.00000e+00
   24.0  0.00000e+00
   25.0  0.00000e+00
   26.0  0.00000e+00
   27.0  0.00000e+00
   28.0  0.00000e+00
   29.0  0.00000e+00
   30.0  0.00000e+00
   31.0  0.00000e+00
   32.0  0.00000e+00
   33.0  0.00000e+00
   34.0  0.00000e+00
   35.0  0.00000e+00
   36.0  0.00000e+00
   37.0  0.00000e+00
   38.0  0.00000e+00
   39.0  0.00000e+00
   40.0  0.00000e+00
   41.0  0.00000e+00
   42.0  0.00000e+00
   43.0  0.00000e+00
   44.0  0.00000e+00
   45.0  0.00000e+00
   46.0  0.00000e+00
   47.0  0.00000e+00
   48.0  0.00000e+00
   49.0  0.00000e+00
   50.0  0.00000e+00
   51.0  0.00000e+00
   52.0  0.00000e+00
   53.0  0.00000e+00
   54.0  0.00000e+00
   55.0  0.00000e+00
   56.0  0.00000e+00
   57.0  0.00000e+00
   58.0  0.00000e+00
   59.0  0.00000e+00
   60.0  0.00000e+00
   61.0  0.00000e+00
   62.0  0.00000e+00
   63.0  0.00000e+00
   64.0  0.00000e+00
   65.0  0.00000e+00
   66.0  0.00000e+00
   67.0  0.00000e+00
   68.0  0.00000e+00
   69.0  1.39020e-03
   70.0  4.15421e-03
   71.0  9.23679e-03
   72.0  1.60857e-02
   73.0  2.35430e-02
   74.0  3.00089e-02
   75.0  3.82868e-02
   76.0  4.97084e-02
   77.0  6.24121e-02
   78.0  7.59845e-02
   79.0  8.77674e-02
   80.0  9.53483e-02
   81.0  9.78658e-02
   82.0  9.71238e-02
   83.0  9.56849e-02
   84.0  9.33082e-02
   85.0  9.06199e-02
   86.0  8.78889e-02
   87.0  8.49509e-02
   88.0  8.19875e-02
   89.0  7.88311e-02
   90.0  7.51298e-02
   91.0  7.12288e-02
   92.0  6.82621e-02
   93.0  6.70455e-02
   94.0  6.31210e-02
   95.0  6.03571e-02
   96.0  6.25749e-02
   97.0  6.67895e-02
   98.0  7.12371e-02
   99.0  7.58785e-02
  100.0  7.88727e-02
  101.0  7.94967e-02
  102.0  7.97309e-02
  103.0  8.14027e-02
  104.0  1.13280e-01
  105.0  2.04134e-01
  106.0  1.99932e-01
  107.0  1.97154e-01
  108.0  1.78234e-01
  109.0  1.69622e-01
  110.0  1.69786e-01
  111.0  1.66581e-01
  112.0  1.66177e-01
  113.0  1.67758e-01
  114.0  1.71845e-01
  115.0  1.87103e-01
  116.0  1.87642e-01
  117.0  1.90450e-01
  118.0  1.95673e-01
  119.0  1.97370e-01
  120.0  1.90891e-01
  121.0  1.86033e-01
  122.0  1.90055e-01
  123.0  1.89885e-01
  124.0  1.86096e-01
  125.0  1.79802e-01
  126.0  1.72863e-01
  127.0  1.65946e-01
  128.0  1.58334e-01
  129.0  1.52668e-01
  130.0  1.45139e-01
  131.0  1.38523e-01
  132.0  1.31719e-01
  133.0  1.25231e-01
  134.0  1.18051e-01
  135.0  1.11497e-01
  136.0  1.04289e-01
  137.0  9.76593e-02
  138.0  9.16041e-02
  139.0  8.48217e-02
  140.0  7.80687e-02
  141.0  7.05076e-02
  142.0  6.36631e-02
  143.0  5.70858e-02
  144.0  5.02055e-02
  145.0  4.39946e-02
  146.0  3.80749e-02
  147.0  1.12779e-01
  148.0  1.28206e-01
  149.0  1.26674e-01
  150.0  1.25117e-01
  151.0  1.23016e-01
  152.0  1.20883e-01
  153.0  1.18624e-01
  154.0  1.16137e-01
  155.0  1.14586e-01
  156.0  1.10821e-01
  157.0  1.09203e-01
  158.0  1.06409e-01
  159.0  1.03678e-01
  160.0  1.02304e-01
  161.0  9.71035e-02
  162.0  9.53535e-02
  163.0  9.20292e-02
  164.0  8.70167e-02
  165.0  8.69576e-02
  166.0  8.60558e-02
  167.0  8.41908e-02
  168.0  8.22808e-02
  169.0  8.09455e-02
  170.0  7.91995e-02
  171.0  7.68842e-02
  172.0  7.45883e-02
  173.0  7.26044e-02
  174.0  7.08676e-02
  175.0  6.89799e-02
  176.0  6.66990e-02
  177.0  6.38132e-02
  178.0  6.11552e-02
  179.0  5.88821e-02
  180.0  5.66396e-02
  181.0  5.44630e-02
  182.0  5.22969e-02
  183.0  4.99651e-02
  184.0  4.76159e-02
  185.0  4.53154e-02
  186.0  4.30919e-02
  187.0  4.09512e-02
  188.0  3.90426e-02
  189.0  3.77612e-02
  190.0  3.65292e-02
  191.0  3.48747e-02
  192.0  3.32031e-02
  193.0  3.16093e-02
  194.0  2.99939e-02
  195.0  2.83388e-02
  196.0  2.66522e-02
  197.0  2.50763e-02
  198.0  2.38289e-02
  199.0  2.25486e-02
  200.0  2.09704e-02
  201.0  1.93004e-02
  202.0  1.77413e-02
  203.0  1.59750e-02
  204.0  1.38367e-02
  205.0  1.18986e-02
  206.0  1.02320e-02
  207.0  8.99824e-03
  208.0  6.85977e-03
  209.0  4.44513e-03
  210.0  4.29510e-03
  211.0  4.18473e-03
  212.0  3.81088e-03
  213.0  3.61572e-03
  214.0  3.53688e-03
  215.0  3.58553e-03
  216.0  3.18663e-03
  217.0  2.43747e-03
  218.0  2.15438e-03
  219.0  2.18248e-03
  220.0  1.92025e-03
  221.0  1.22648e-03
  222.0  1.01398e-03
  223.0  9.14744e-04
  224.0  0.00000e+00
  225.0  0.00000e+00
  226.0  0.00000e+00
  227.0  0.00000e+00
  228.0  0.00000e+00
  229.0  0.00000e+00
