    7.0  0.00000e+00
    8.0  0.00000e+00
    9.0  0.00000e+00
   10.0  0.00000e+00
   11.0  0.00000e+00
   12.0  0.00000e+00
   13.0  0.00000e+00
   14.0  0.00000e+00
   15.0  0.00000e+00
   16.0  0.00000e+00
   17.0  0.00000e+00
   18.0  0.00000e+00
   19.0  0.00000e+00
   20.0  0.00000e+00
   21.0  0.00000e+00
   22.0  0.00000e+00
   23.0  0.00000e+00
   24.0  0.00000e+00
   25.0  0.00000e+00
   26.0  0.00000e+00
   27.0  0.00000e+00
   28.0  0.00000e+00
   29.0  0.00000e+00
   30.0  0.00000e+00
   31.0  0.00000e+00
   32.0  0.00000e+00
   33.0  0.00000e+00
   34.0  0.00000e+00
   35.0  0.00000e+00
   36.0  0.00000e+00
   37.0  0.00000e+00
   38.0  0.00000e+00
   39.0  0.00000e+00
   40.0  0.00000e+00
   41.0  0.00000e+00
   42.0  0.00000e+00
   43.0  0.00000e+00
   44.0  0.00000e+00
   45.0  0.00000e+00
   46.0  0.00000e+00
   47.0  0.00000e+00
   48.0  0.00000e+00
   49.0  0.00000e+00
   50.0  0.00000e+00
   51.0  0.00000e+00
   52.0  0.00000e+00
   53.0  0.00000e+00
   54.0  0.00000e+00
   55.0  0.00000e+00
   56.0  0.00000e+00
   57.0  0.00000e+00
   58.0  0.00000e+00
   59.0  0.00000e+00
   60.0  0.00000e+00
   61.0  0.00000e+00
   62.0  0.00000e+00
   63.0  0.00000e+00
   64.0  0.00000e+00
   65.0  0.00000e+00
   66.0  0.00000e+00
   67.0  0.00000e+00
   68.0  0.00000e+00
   69.0  0.00000e+00
   70.0  0.00000e+00
   71.0  0.00000e+00
   72.0  0.00000e+00
   73.0  0.00000e+00
   74.0  0.00000e+00
   75.0  0.00000e+00
   76.0  0.00000e+00
   77.0  0.00000e+00
   78.0  0.00000e+00
   79.0  0.00000e+00
   80.0  0.00000e+00
   81.0  0.00000e+00
   82.0  0.00000e+00
   83.0  0.00000e+00
   84.0  0.00000e+00
   85.0  0.00000e+00
   86.0  0.00000e+00
   87.0  0.00000e+00
   88.0  0.00000e+00
   89.0  0.00000e+00
   90.0  0.00000e+00
   91.0  0.00000e+00
   92.0  0.00000e+00
   93.0  0.00000e+00
   94.0  0.00000e+00
   95.0  0.00000e+00
   96.0  0.00000e+00
   97.0  0.00000e+00
   98.0  0.00000e+00
   99.0  0.00000e+00
  100.0  0.00000e+00
  101.0  0.00000e+00
  102.0  0.00000e+00
  103.0  0.00000e+00
  104.0  0.00000e+00
  105.0  1.06467e-02
  106.0  2.68106e-02
  107.0  3.76624e-02
  108.0  5.13937e-02
  109.0  5.82535e-02
  110.0  6.77571e-02
  111.0  8.01357e-02
  112.0  9.49426e-02
  113.0  1.10088e-01
  114.0  1.28300e-01
  115.0  1.56426e-01
  116.0  1.85135e-01
  117.0  2.03521e-01
  118.0  2.23248e-01
  119.0  2.60751e-01
  120.0  2.92020e-01
  121.0  3.31085e-01
  122.0  3.77222e-01
  123.0  3.99790e-01
  124.0  4.11950e-01
  125.0  4.31861e-01
  126.0  4.51543e-01
  127.0  4.71296e-01
  128.0  4.94242e-01
  129.0  5.10469e-01
  130.0  5.33758e-01
  131.0  5.52990e-01
  132.0  5.72864e-01
  133.0  5.93119e-01
  134.0  6.14297e-01
  135.0  6.33526e-01
  136.0  6.54882e-01
  137.0  6.74810e-01
  138.0  6.93147e-01
  139.0  7.12877e-01
  140.0  7.33108e-01
  141.0  7.55228e-01
  142.0  7.75592e-01
  143.0  7.95577e-01
  144.0  8.16523e-01
  145.0  8.34320e-01
  146.0  8.51160e-01
  147.0  8.70494e-01
  148.0  8.71441e-01
  149.0  8.73286e-01
  150.0  8.75357e-01
  151.0  8.77570e-01
  152.0  8.78843e-01
  153.0  8.80696e-01
  154.0  8.83321e-01
  155.0  8.85147e-01
  156.0  8.89348e-01
  157.0  8.90270e-01
  158.0  8.92915e-01
  159.0  8.96189e-01
  160.0  8.97741e-01
  161.0  9.02943e-01
  162.0  9.05227e-01
  163.0  9.08263e-01
  164.0  9.13368e-01
  165.0  9.11355e-01
  166.0  9.12162e-01
  167.0  9.15650e-01
  168.0  9.18375e-01
  169.0  9.19326e-01
  170.0  9.21509e-01
  171.0  9.24824e-01
  172.0  9.26031e-01
  173.0  9.26689e-01
  174.0  9.27817e-01
  175.0  9.30123e-01
  176.0  9.33300e-01
  177.0  9.36012e-01
  178.0  9.37664e-01
  179.0  9.39097e-01
  180.0  9.42768e-01
  181.0  9.45221e-01
  182.0  9.46344e-01
  183.0  9.49334e-01
  184.0  9.51550e-01
  185.0  9.53464e-01
  186.0  9.58751e-01
  187.0  9.61197e-01
  188.0  9.60203e-01
  189.0  9.60913e-01
  190.0  9.62478e-01
  191.0  9.64138e-01
  192.0  9.65928e-01
  193.0  9.67803e-01
  194.0  9.69646e-01
  195.0  9.71443e-01
  196.0  9.73317e-01
  197.0  9.74923e-01
  198.0  9.75661e-01
  199.0  9.76833e-01
  200.0  9.80090e-01
  201.0  9.83110e-01
  202.0  9.83335e-01
  203.0  9.83512e-01
  204.0  9.85992e-01
  205.0  9.88839e-01
  206.0  9.90922e-01
  207.0  9.90477e-01
  208.0  9.91056e-01
  209.0  9.95408e-01
  210.0  9.95429e-01
  211.0  9.95088e-01
  212.0  9.93549e-01
  213.0  9.94509e-01
  214.0  9.96251e-01
  215.0  9.96306e-01
  216.0  9.96516e-01
  217.0  9.97546e-01
  218.0  9.98098e-01
  219.0  9.98149e-01
  220.0  9.98780e-01
  221.0  1.00032e+00
  222.0  1.00032e+00
  223.0  1.00000e+00
  224.0  1.00000e+00
  225.0  1.00000e+00
  226.0  1.00000e+00
  227.0  1.00000e+00
  228.0  1.00000e+00
  229.0  1.00000e+00
