  400.0  1.00000e+00
  401.0  1.00000e+00
  402.0  1.00000e+00
  403.0  1.00000e+00
  404.0  1.00000e+00
  405.0  1.00000e+00
  406.0  1.00000e+00
  407.0  1.00000e+00
  408.0  1.00000e+00
  409.0  1.00000e+00
  410.0  1.00000e+00
  411.0  1.00000e+00
  412.0  1.00000e+00
  413.0  1.00000e+00
  414.0  1.00000e+00
  415.0  1.00000e+00
  416.0  1.00000e+00
  417.0  1.00000e+00
  418.0  1.00000e+00
  419.0  1.00000e+00
  420.0  1.00000e+00
  421.0  1.00000e+00
  422.0  1.00000e+00
  423.0  1.00000e+00
  424.0  1.00000e+00
  425.0  1.00000e+00
  426.0  1.00000e+00
  427.0  1.00000e+00
  428.0  1.00000e+00
  429.0  1.00000e+00
  430.0  1.00000e+00
  431.0  1.00000e+00
  432.0  1.00000e+00
  433.0  1.00000e+00
  434.0  1.00000e+00
  435.0  1.00000e+00
  436.0  1.00000e+00
  437.0  1.00000e+00
  438.0  1.00000e+00
  439.0  1.00000e+00
  440.0  1.00000e+00
  441.0  1.00000e+00
  442.0  1.00000e+00
  443.0  1.00000e+00
  444.0  1.00000e+00
  445.0  1.00000e+00
  446.0  1.00000e+00
  447.0  1.00000e+00
  448.0  1.00000e+00
  449.0  1.00000e+00
  450.0  1.00000e+00
  451.0  1.00000e+00
  452.0  1.00000e+00
  453.0  1.00000e+00
  454.0  1.00000e+00
  455.0  1.00000e+00
  456.0  1.00000e+00
  457.0  1.00000e+00
  458.0  1.00000e+00
  459.0  1.00000e+00
  460.0  1.00000e+00
  461.0  1.00000e+00
  462.0  1.00000e+00
  463.0  1.00000e+00
  464.0  1.00000e+00
  465.0  1.00000e+00
  466.0  1.00000e+00
  467.0  1.00000e+00
  468.0  1.00000e+00
  469.0  1.00000e+00
  470.0  1.00000e+00
  471.0  1.00000e+00
  472.0  1.00000e+00
  473.0  1.00000e+00
  474.0  1.00000e+00
  475.0  1.00000e+00
  476.0  1.00000e+00
  477.0  1.00000e+00
  478.0  1.00000e+00
  479.0  1.00000e+00
  480.0  1.00000e+00
  481.0  1.00000e+00
  482.0  1.00000e+00
  483.0  1.00000e+00
  484.0  1.00000e+00
  485.0  1.00000e+00
  486.0  1.00000e+00
  487.0  1.00000e+00
  488.0  1.00000e+00
  489.0  1.00000e+00
  490.0  1.00000e+00
  491.0  1.00000e+00
  492.0  1.00000e+00
  493.0  1.00000e+00
  494.0  1.00000e+00
  495.0  1.00000e+00
  496.0  1.00000e+00
  497.0  1.00000e+00
  498.0  1.00000e+00
  499.0  1.00000e+00
  500.0  1.00000e+00
  501.0  1.00000e+00
  502.0  1.00000e+00
  503.0  1.00000e+00
  504.0  1.00000e+00
  505.0  1.00000e+00
  506.0  1.00000e+00
  507.0  1.00000e+00
  508.0  1.00000e+00
  509.0  1.00000e+00
  510.0  1.00000e+00
  511.0  1.00000e+00
  512.0  1.00000e+00
  513.0  1.00000e+00
  514.0  1.00000e+00
  515.0  1.00000e+00
  516.0  1.00000e+00
  517.0  1.00000e+00
  518.0  1.00000e+00
  519.0  1.00000e+00
  520.0  1.00000e+00
  521.0  1.00000e+00
  522.0  1.00000e+00
  523.0  1.00000e+00
  524.0  1.00000e+00
  525.0  1.00000e+00
  526.0  1.00000e+00
  527.0  1.00000e+00
  528.0  1.00000e+00
  529.0  1.00000e+00
  530.0  1.00000e+00
  531.0  1.00000e+00
  532.0  1.00000e+00
  533.0  1.00000e+00
  534.0  1.00000e+00
  535.0  1.00000e+00
  536.0  1.00000e+00
  537.0  1.00000e+00
  538.0  1.00000e+00
  539.0  1.00000e+00
  540.0  1.00000e+00
  541.0  1.00000e+00
  542.0  1.00000e+00
  543.0  1.00000e+00
  544.0  1.00000e+00
  545.0  1.00000e+00
  546.0  1.00000e+00
  547.0  1.00000e+00
  548.0  1.00000e+00
  549.0  1.00000e+00
  550.0  1.00000e+00
  551.0  1.00000e+00
  552.0  1.00000e+00
  553.0  1.00000e+00
  554.0  1.00000e+00
  555.0  1.00000e+00
  556.0  1.00000e+00
  557.0  1.00000e+00
  558.0  1.00000e+00
  559.0  1.00000e+00
  560.0  1.00000e+00
  561.0  1.00000e+00
  562.0  1.00000e+00
  563.0  1.00000e+00
  564.0  1.00000e+00
  565.0  1.00000e+00
  566.0  1.00000e+00
  567.0  1.00000e+00
  568.0  1.00000e+00
  569.0  1.00000e+00
  570.0  1.00000e+00
  571.0  1.00000e+00
  572.0  1.00000e+00
  573.0  1.00000e+00
  574.0  1.00000e+00
  575.0  1.00000e+00
  576.0  1.00000e+00
  577.0  1.00000e+00
  578.0  1.00000e+00
  579.0  1.00000e+00
  580.0  9.50000e-01
  581.0  8.50000e-01
  582.0  7.50000e-01
  583.0  6.50000e-01
  584.0  5.50000e-01
  585.0  4.50000e-01
  586.0  3.50000e-01
  587.0  2.50000e-01
  588.0  1.50000e-01
  589.0  5.00000e-02
  590.0  0.00000e+00
  591.0  0.00000e+00
  592.0  0.00000e+00
  593.0  0.00000e+00
  594.0  0.00000e+00
  595.0  0.00000e+00
  596.0  0.00000e+00
  597.0  0.00000e+00
  598.0  0.00000e+00
  599.0  0.00000e+00
  600.0  0.00000e+00
  601.0  0.00000e+00
  602.0  0.00000e+00
  603.0  0.00000e+00
  604.0  0.00000e+00
  605.0  0.00000e+00
  606.0  0.00000e+00
  607.0  0.00000e+00
  608.0  0.00000e+00
  609.0  0.00000e+00
  610.0  0.00000e+00
  611.0  0.00000e+00
  612.0  0.00000e+00
  613.0  0.00000e+00
  614.0  0.00000e+00
  615.0  0.00000e+00
  616.0  0.00000e+00
  617.0  0.00000e+00
  618.0  0.00000e+00
  619.0  0.00000e+00
  620.0  0.00000e+00
  621.0  0.00000e+00
  622.0  0.00000e+00
  623.0  0.00000e+00
  624.0  0.00000e+00
  625.0  0.00000e+00
  626.0  0.00000e+00
  627.0  0.00000e+00
  628.0  0.00000e+00
  629.0  0.00000e+00
  630.0  0.00000e+00
  631.0  0.00000e+00
  632.0  0.00000e+00
  633.0  0.00000e+00
  634.0  0.00000e+00
  635.0  0.00000e+00
  636.0  0.00000e+00
  637.0  0.00000e+00
  638.0  0.00000e+00
  639.0  0.00000e+00
  640.0  0.00000e+00
  641.0  0.00000e+00
  642.0  0.00000e+00
  643.0  0.00000e+00
  644.0  0.00000e+00
  645.0  0.00000e+00
  646.0  0.00000e+00
  647.0  0.00000e+00
  648.0  0.00000e+00
  649.0  0.00000e+00
  650.0  0.00000e+00
  651.0  0.00000e+00
  652.0  0.00000e+00
  653.0  0.00000e+00
  654.0  0.00000e+00
  655.0  0.00000e+00
  656.0  0.00000e+00
  657.0  0.00000e+00
  658.0  0.00000e+00
  659.0  0.00000e+00
  660.0  0.00000e+00
  661.0  0.00000e+00
  662.0  0.00000e+00
  663.0  0.00000e+00
  664.0  0.00000e+00
  665.0  0.00000e+00
  666.0  0.00000e+00
  667.0  0.00000e+00
  668.0  0.00000e+00
  669.0  0.00000e+00
  670.0  0.00000e+00
  671.0  0.00000e+00
  672.0  0.00000e+00
  673.0  0.00000e+00
  674.0  0.00000e+00
  675.0  0.00000e+00
  676.0  0.00000e+00
  677.0  0.00000e+00
  678.0  0.00000e+00
  679.0  0.00000e+00
  680.0  0.00000e+00
  681.0  0.00000e+00
  682.0  0.00000e+00
  683.0  0.00000e+00
  684.0  0.00000e+00
  685.0  0.00000e+00
  686.0  0.00000e+00
  687.0  0.00000e+00
  688.0  0.00000e+00
  689.0  0.00000e+00
  690.0  0.00000e+00
  691.0  0.00000e+00
  692.0  0.00000e+00
  693.0  0.00000e+00
  694.0  0.00000e+00
  695.0  0.00000e+00
  696.0  0.00000e+00
  697.0  0.00000e+00
  698.0  0.00000e+00
  699.0  0.00000e+00
  700.0  0.00000e+00
  701.0  0.00000e+00
  702.0  0.00000e+00
  703.0  0.00000e+00
  704.0  0.00000e+00
  705.0  0.00000e+00
  706.0  0.00000e+00
  707.0  0.00000e+00
  708.0  0.00000e+00
  709.0  0.00000e+00
  710.0  0.00000e+00
  711.0  0.00000e+00
  712.0  0.00000e+00
  713.0  0.00000e+00
  714.0  0.00000e+00
  715.0  0.00000e+00
  716.0  0.00000e+00
  717.0  0.00000e+00
  718.0  0.00000e+00
  719.0  0.00000e+00
  720.0  0.00000e+00
  721.0  0.00000e+00
  722.0  0.00000e+00
  723.0  0.00000e+00
  724.0  0.00000e+00
  725.0  0.00000e+00
  726.0  0.00000e+00
  727.0  0.00000e+00
  728.0  0.00000e+00
  729.0  0.00000e+00
  730.0  0.00000e+00
  731.0  0.00000e+00
  732.0  0.00000e+00
  733.0  0.00000e+00
  734.0  0.00000e+00
  735.0  0.00000e+00
  736.0  0.00000e+00
  737.0  0.00000e+00
  738.0  0.00000e+00
  739.0  0.00000e+00
  740.0  0.00000e+00
  741.0  0.00000e+00
  742.0  0.00000e+00
  743.0  0.00000e+00
  744.0  0.00000e+00
  745.0  0.00000e+00
  746.0  0.00000e+00
  747.0  0.00000e+00
  748.0  0.00000e+00
  749.0  0.00000e+00
  750.0  0.00000e+00
  751.0  0.00000e+00
  752.0  0.00000e+00
  753.0  0.00000e+00
  754.0  0.00000e+00
  755.0  0.00000e+00
  756.0  0.00000e+00
  757.0  0.00000e+00
  758.0  0.00000e+00
  759.0  0.00000e+00
  760.0  0.00000e+00
  761.0  0.00000e+00
  762.0  0.00000e+00
  763.0  0.00000e+00
  764.0  0.00000e+00
  765.0  0.00000e+00
  766.0  0.00000e+00
  767.0  0.00000e+00
  768.0  0.00000e+00
  769.0  0.00000e+00
  770.0  0.00000e+00
  771.0  0.00000e+00
  772.0  0.00000e+00
  773.0  0.00000e+00
  774.0  0.00000e+00
  775.0  0.00000e+00
  776.0  0.00000e+00
  777.0  0.00000e+00
  778.0  0.00000e+00
  779.0  0.00000e+00
  780.0  0.00000e+00
  781.0  0.00000e+00
  782.0  0.00000e+00
  783.0  0.00000e+00
  784.0  0.00000e+00
  785.0  0.00000e+00
  786.0  0.00000e+00
  787.0  0.00000e+00
  788.0  0.00000e+00
  789.0  0.00000e+00
  790.0  0.00000e+00
  791.0  0.00000e+00
  792.0  0.00000e+00
  793.0  0.00000e+00
