    4.0  0.00000e+00
    5.0  0.00000e+00
    6.0  0.00000e+00
    7.0  0.00000e+00
    8.0  0.00000e+00
    9.0  0.00000e+00
   10.0  0.00000e+00
   11.0  0.00000e+00
   12.0  0.00000e+00
   13.0  0.00000e+00
   14.0  0.00000e+00
   15.0  0.00000e+00
   16.0  0.00000e+00
   17.0  0.00000e+00
   18.0  0.00000e+00
   19.0  0.00000e+00
   20.0  0.00000e+00
   21.0  0.00000e+00
   22.0  0.00000e+00
   23.0  0.00000e+00
   24.0  0.00000e+00
   25.0  0.00000e+00
   26.0  0.00000e+00
   27.0  0.00000e+00
   28.0  0.00000e+00
   29.0  0.00000e+00
   30.0  0.00000e+00
   31.0  0.00000e+00
   32.0  0.00000e+00
   33.0  0.00000e+00
   34.0  0.00000e+00
   35.0  0.00000e+00
   36.0  0.00000e+00
   37.0  0.00000e+00
   38.0  0.00000e+00
   39.0  0.00000e+00
   40.0  0.00000e+00
   41.0  0.00000e+00
   42.0  0.00000e+00
   43.0  0.00000e+00
   44.0  0.00000e+00
   45.0  0.00000e+00
   46.0  0.00000e+00
   47.0  0.00000e+00
   48.0  0.00000e+00
   49.0  0.00000e+00
   50.0  0.00000e+00
   51.0  0.00000e+00
   52.0  0.00000e+00
   53.0  0.00000e+00
   54.0  0.00000e+00
   55.0  0.00000e+00
   56.0  0.00000e+00
   57.0  0.00000e+00
   58.0  0.00000e+00
   59.0  0.00000e+00
   60.0  0.00000e+00
   61.0  0.00000e+00
   62.0  0.00000e+00
   63.0  0.00000e+00
   64.0  0.00000e+00
   65.0  0.00000e+00
   66.0  0.00000e+00
   67.0  0.00000e+00
   68.0  0.00000e+00
   69.0  0.00000e+00
   70.0  0.00000e+00
   71.0  0.00000e+00
   72.0  0.00000e+00
   73.0  0.00000e+00
   74.0  0.00000e+00
   75.0  0.00000e+00
   76.0  0.00000e+00
   77.0  0.00000e+00
   78.0  0.00000e+00
   79.0  0.00000e+00
   80.0  0.00000e+00
   81.0  0.00000e+00
   82.0  0.00000e+00
   83.0  0.00000e+00
   84.0  0.00000e+00
   85.0  0.00000e+00
   86.0  0.00000e+00
   87.0  0.00000e+00
   88.0  0.00000e+00
   89.0  0.00000e+00
   90.0  0.00000e+00
   91.0  0.00000e+00
   92.0  0.00000e+00
   93.0  0.00000e+00
   94.0  0.00000e+00
   95.0  0.00000e+00
   96.0  0.00000e+00
   97.0  0.00000e+00
   98.0  0.00000e+00
   99.0  0.00000e+00
  100.0  0.00000e+00
  101.0  0.00000e+00
  102.0  0.00000e+00
  103.0  0.00000e+00
  104.0  0.00000e+00
  105.0  0.00000e+00
  106.0  7.59399e-02
  107.0  8.28843e-02
  108.0  8.97569e-02
  109.0  9.65278e-02
  110.0  1.00000e-01
  111.0  1.00000e-01
  112.0  1.06136e-01
  113.0  1.18585e-01
  114.0  1.31429e-01
  115.0  1.43921e-01
  116.0  1.56333e-01
  117.0  1.68952e-01
  118.0  1.81437e-01
  119.0  1.93698e-01
  120.0  1.94803e-01
  121.0  1.85429e-01
  122.0  1.75000e-01
  123.0  1.65000e-01
  124.0  1.55021e-01
  125.0  1.45012e-01
  126.0  1.34998e-01
  127.0  1.24995e-01
  128.0  1.14990e-01
  129.0  1.05560e-01
  130.0  1.00668e-01
  131.0  1.00000e-01
  132.0  1.00000e-01
  133.0  1.00000e-01
  134.0  1.00000e-01
  135.0  1.00000e-01
  136.0  1.00000e-01
  137.0  1.00000e-01
  138.0  1.00000e-01
  139.0  1.00000e-01
  140.0  4.52765e-01
  141.0  8.04734e-01
  142.0  8.15662e-01
  143.0  8.25276e-01
  144.0  8.36161e-01
  145.0  8.47825e-01
  146.0  8.58026e-01
  147.0  8.65922e-01
  148.0  8.78981e-01
  149.0  8.89487e-01
  150.0  8.99188e-01
  151.0  9.11199e-01
  152.0  9.21037e-01
  153.0  9.31905e-01
  154.0  9.42808e-01
  155.0  9.52721e-01
  156.0  9.60502e-01
  157.0  9.72441e-01
  158.0  9.83787e-01
  159.0  9.94576e-01
  160.0  8.65985e-01
  161.0  6.33876e-01
  162.0  4.63107e-01
  163.0  3.62205e-01
  164.0  2.84107e-01
  165.0  2.44684e-01
  166.0  2.34708e-01
  167.0  2.24991e-01
  168.0  2.14757e-01
  169.0  2.04841e-01
  170.0  1.97235e-01
  171.0  1.91781e-01
  172.0  1.86479e-01
  173.0  1.81323e-01
  174.0  1.76309e-01
  175.0  1.71434e-01
  176.0  1.66694e-01
  177.0  1.62085e-01
  178.0  1.57603e-01
  179.0  1.53246e-01
  180.0  1.49008e-01
  181.0  1.44888e-01
  182.0  1.40530e-01
  183.0  1.35685e-01
  184.0  1.31051e-01
  185.0  1.26387e-01
  186.0  1.21544e-01
  187.0  1.16715e-01
  188.0  1.11881e-01
  189.0  1.07051e-01
  190.0  1.02340e-01
  191.0  9.74684e-02
  192.0  9.27704e-02
  193.0  8.82898e-02
  194.0  8.35955e-02
  195.0  7.87030e-02
  196.0  7.38390e-02
  197.0  6.90771e-02
  198.0  6.42424e-02
  199.0  5.94992e-02
  200.0  5.47389e-02
  201.0  4.99352e-02
  202.0  4.52035e-02
  203.0  4.04681e-02
  204.0  3.56969e-02
  205.0  3.09391e-02
  206.0  2.61980e-02
  207.0  2.14089e-02
  208.0  1.66523e-02
  209.0  1.19164e-02
  210.0  7.15056e-03
  211.0  2.38235e-03
  212.0  0.00000e+00
  213.0  0.00000e+00
  214.0  0.00000e+00
  215.0  0.00000e+00
  216.0  0.00000e+00
  217.0  0.00000e+00
  218.0  0.00000e+00
  219.0  0.00000e+00
  220.0  0.00000e+00
  221.0  0.00000e+00
  222.0  0.00000e+00
  223.0  0.00000e+00
  224.0  0.00000e+00
  225.0  0.00000e+00
  226.0  0.00000e+00
  227.0  0.00000e+00
  228.0  0.00000e+00
  229.0  0.00000e+00
  230.0  0.00000e+00
  231.0  0.00000e+00
  232.0  0.00000e+00
  233.0  0.00000e+00
  234.0  0.00000e+00
  235.0  0.00000e+00
  236.0  0.00000e+00
  237.0  0.00000e+00
  238.0  0.00000e+00
  239.0  0.00000e+00
  240.0  0.00000e+00
  241.0  0.00000e+00
  242.0  0.00000e+00
  243.0  0.00000e+00
  244.0  0.00000e+00
  245.0  0.00000e+00
  246.0  0.00000e+00
  247.0  0.00000e+00
  248.0  0.00000e+00
  249.0  0.00000e+00
  250.0  0.00000e+00
  251.0  0.00000e+00
  252.0  0.00000e+00
  253.0  0.00000e+00
  254.0  0.00000e+00
  255.0  0.00000e+00
  256.0  0.00000e+00
  257.0  0.00000e+00
  258.0  0.00000e+00
  259.0  0.00000e+00
  260.0  0.00000e+00
  261.0  0.00000e+00
  262.0  0.00000e+00
  263.0  0.00000e+00
  264.0  0.00000e+00
  265.0  0.00000e+00
  266.0  0.00000e+00
  267.0  0.00000e+00
  268.0  0.00000e+00
  269.0  0.00000e+00
  270.0  0.00000e+00
  271.0  0.00000e+00
  272.0  0.00000e+00
  273.0  0.00000e+00
  274.0  0.00000e+00
  275.0  0.00000e+00
  276.0  0.00000e+00
  277.0  0.00000e+00
  278.0  0.00000e+00
  279.0  0.00000e+00
  280.0  0.00000e+00
  281.0  0.00000e+00
  282.0  0.00000e+00
  283.0  0.00000e+00
  284.0  0.00000e+00
  285.0  0.00000e+00
  286.0  0.00000e+00
  287.0  0.00000e+00
  288.0  0.00000e+00
  289.0  0.00000e+00
  290.0  0.00000e+00
  291.0  0.00000e+00
  292.0  0.00000e+00
  293.0  0.00000e+00
  294.0  0.00000e+00
  295.0  0.00000e+00
  296.0  0.00000e+00
  297.0  0.00000e+00
  298.0  0.00000e+00
  299.0  0.00000e+00
