    4.0  0.00000e+00
    5.0  0.00000e+00
    6.0  0.00000e+00
    7.0  0.00000e+00
    8.0  0.00000e+00
    9.0  0.00000e+00
   10.0  0.00000e+00
   11.0  0.00000e+00
   12.0  0.00000e+00
   13.0  0.00000e+00
   14.0  0.00000e+00
   15.0  0.00000e+00
   16.0  0.00000e+00
   17.0  0.00000e+00
   18.0  0.00000e+00
   19.0  0.00000e+00
   20.0  0.00000e+00
   21.0  0.00000e+00
   22.0  0.00000e+00
   23.0  0.00000e+00
   24.0  0.00000e+00
   25.0  0.00000e+00
   26.0  0.00000e+00
   27.0  0.00000e+00
   28.0  0.00000e+00
   29.0  0.00000e+00
   30.0  0.00000e+00
   31.0  0.00000e+00
   32.0  0.00000e+00
   33.0  0.00000e+00
   34.0  0.00000e+00
   35.0  0.00000e+00
   36.0  0.00000e+00
   37.0  0.00000e+00
   38.0  0.00000e+00
   39.0  0.00000e+00
   40.0  0.00000e+00
   41.0  0.00000e+00
   42.0  0.00000e+00
   43.0  0.00000e+00
   44.0  0.00000e+00
   45.0  0.00000e+00
   46.0  0.00000e+00
   47.0  0.00000e+00
   48.0  0.00000e+00
   49.0  0.00000e+00
   50.0  0.00000e+00
   51.0  0.00000e+00
   52.0  0.00000e+00
   53.0  0.00000e+00
   54.0  0.00000e+00
   55.0  0.00000e+00
   56.0  0.00000e+00
   57.0  0.00000e+00
   58.0  0.00000e+00
   59.0  0.00000e+00
   60.0  0.00000e+00
   61.0  0.00000e+00
   62.0  0.00000e+00
   63.0  0.00000e+00
   64.0  0.00000e+00
   65.0  0.00000e+00
   66.0  0.00000e+00
   67.0  0.00000e+00
   68.0  0.00000e+00
   69.0  0.00000e+00
   70.0  0.00000e+00
   71.0  0.00000e+00
   72.0  0.00000e+00
   73.0  0.00000e+00
   74.0  0.00000e+00
   75.0  0.00000e+00
   76.0  0.00000e+00
   77.0  0.00000e+00
   78.0  0.00000e+00
   79.0  0.00000e+00
   80.0  0.00000e+00
   81.0  0.00000e+00
   82.0  0.00000e+00
   83.0  0.00000e+00
   84.0  0.00000e+00
   85.0  0.00000e+00
   86.0  0.00000e+00
   87.0  0.00000e+00
   88.0  0.00000e+00
   89.0  0.00000e+00
   90.0  0.00000e+00
   91.0  0.00000e+00
   92.0  0.00000e+00
   93.0  0.00000e+00
   94.0  0.00000e+00
   95.0  0.00000e+00
   96.0  0.00000e+00
   97.0  0.00000e+00
   98.0  0.00000e+00
   99.0  0.00000e+00
  100.0  0.00000e+00
  101.0  0.00000e+00
  102.0  0.00000e+00
  103.0  0.00000e+00
  104.0  0.00000e+00
  105.0  0.00000e+00
  106.0  0.00000e+00
  107.0  0.00000e+00
  108.0  0.00000e+00
  109.0  0.00000e+00
  110.0  0.00000e+00
  111.0  0.00000e+00
  112.0  0.00000e+00
  113.0  0.00000e+00
  114.0  0.00000e+00
  115.0  0.00000e+00
  116.0  0.00000e+00
  117.0  0.00000e+00
  118.0  0.00000e+00
  119.0  0.00000e+00
  120.0  0.00000e+00
  121.0  0.00000e+00
  122.0  0.00000e+00
  123.0  0.00000e+00
  124.0  0.00000e+00
  125.0  0.00000e+00
  126.0  0.00000e+00
  127.0  0.00000e+00
  128.0  0.00000e+00
  129.0  0.00000e+00
  130.0  0.00000e+00
  131.0  0.00000e+00
  132.0  0.00000e+00
  133.0  0.00000e+00
  134.0  0.00000e+00
  135.0  0.00000e+00
  136.0  0.00000e+00
  137.0  0.00000e+00
  138.0  0.00000e+00
  139.0  0.00000e+00
  140.0  0.00000e+00
  141.0  0.00000e+00
  142.0  0.00000e+00
  143.0  0.00000e+00
  144.0  0.00000e+00
  145.0  0.00000e+00
  146.0  0.00000e+00
  147.0  0.00000e+00
  148.0  0.00000e+00
  149.0  0.00000e+00
  150.0  0.00000e+00
  151.0  0.00000e+00
  152.0  0.00000e+00
  153.0  0.00000e+00
  154.0  0.00000e+00
  155.0  0.00000e+00
  156.0  0.00000e+00
  157.0  0.00000e+00
  158.0  0.00000e+00
  159.0  0.00000e+00
  160.0  0.00000e+00
  161.0  0.00000e+00
  162.0  0.00000e+00
  163.0  6.17858e-01
  164.0  7.03361e-01
  165.0  7.53891e-01
  166.0  7.63983e-01
  167.0  7.74157e-01
  168.0  7.84115e-01
  169.0  7.94148e-01
  170.0  7.94808e-01
  171.0  7.86078e-01
  172.0  7.77445e-01
  173.0  7.68906e-01
  174.0  7.60461e-01
  175.0  7.52109e-01
  176.0  7.43848e-01
  177.0  7.35678e-01
  178.0  7.27598e-01
  179.0  7.19607e-01
  180.0  7.11704e-01
  181.0  7.03887e-01
  182.0  6.99796e-01
  183.0  6.99089e-01
  184.0  6.98438e-01
  185.0  6.97857e-01
  186.0  6.97091e-01
  187.0  6.96031e-01
  188.0  6.95567e-01
  189.0  6.94635e-01
  190.0  6.92488e-01
  191.0  6.93780e-01
  192.0  6.93739e-01
  193.0  6.93199e-01
  194.0  6.92865e-01
  195.0  6.90542e-01
  196.0  6.90279e-01
  197.0  6.90786e-01
  198.0  6.89684e-01
  199.0  6.88587e-01
  200.0  6.88192e-01
  201.0  6.87234e-01
  202.0  6.86684e-01
  203.0  6.85771e-01
  204.0  6.85669e-01
  205.0  6.85192e-01
  206.0  6.84204e-01
  207.0  6.83640e-01
  208.0  6.83217e-01
  209.0  6.82541e-01
  210.0  6.82236e-01
  211.0  6.80955e-01
  212.0  6.79680e-01
  213.0  6.79992e-01
  214.0  6.79917e-01
  215.0  6.79748e-01
  216.0  6.78156e-01
  217.0  6.76525e-01
  218.0  6.76942e-01
  219.0  6.76401e-01
  220.0  6.75077e-01
  221.0  6.74063e-01
  222.0  6.72800e-01
  223.0  6.73436e-01
  224.0  6.73638e-01
  225.0  6.71393e-01
  226.0  6.70397e-01
  227.0  6.70637e-01
  228.0  6.70836e-01
  229.0  6.72679e-01
  230.0  6.74975e-01
  231.0  6.78675e-01
  232.0  6.81534e-01
  233.0  6.83016e-01
  234.0  6.86141e-01
  235.0  6.89077e-01
  236.0  6.91645e-01
  237.0  6.94308e-01
  238.0  6.97468e-01
  239.0  6.99824e-01
  240.0  7.02346e-01
  241.0  7.05571e-01
  242.0  7.08456e-01
  243.0  7.10788e-01
  244.0  7.13626e-01
  245.0  7.16260e-01
  246.0  7.19483e-01
  247.0  7.21661e-01
  248.0  7.24193e-01
  249.0  7.28468e-01
  250.0  7.31392e-01
  251.0  7.34265e-01
  252.0  7.37124e-01
  253.0  7.38720e-01
  254.0  7.35422e-01
  255.0  7.29432e-01
  256.0  7.21916e-01
  257.0  7.15173e-01
  258.0  7.09666e-01
  259.0  7.02491e-01
  260.0  6.95958e-01
  261.0  6.89560e-01
  262.0  6.83576e-01
  263.0  6.77140e-01
  264.0  6.70461e-01
  265.0  6.64130e-01
  266.0  6.56876e-01
  267.0  6.51259e-01
  268.0  6.45079e-01
  269.0  6.37747e-01
  270.0  6.31658e-01
  271.0  6.25545e-01
  272.0  6.19138e-01
  273.0  6.12579e-01
  274.0  6.06093e-01
  275.0  5.99905e-01
  276.0  5.94029e-01
  277.0  5.87269e-01
  278.0  5.79815e-01
  279.0  5.73714e-01
  280.0  5.68006e-01
  281.0  5.61171e-01
  282.0  5.54452e-01
  283.0  5.48300e-01
  284.0  5.42399e-01
  285.0  5.35801e-01
  286.0  5.29364e-01
  287.0  5.22610e-01
  288.0  5.15257e-01
  289.0  5.09108e-01
  290.0  5.03226e-01
  291.0  2.50000e-01
  292.0  0.00000e+00
  293.0  0.00000e+00
  294.0  0.00000e+00
  295.0  0.00000e+00
  296.0  0.00000e+00
  297.0  0.00000e+00
  298.0  0.00000e+00
  299.0  0.00000e+00
