    4.0  0.00000e+00
    5.0  0.00000e+00
    6.0  0.00000e+00
    7.0  0.00000e+00
    8.0  0.00000e+00
    9.0  0.00000e+00
   10.0  0.00000e+00
   11.0  0.00000e+00
   12.0  0.00000e+00
   13.0  0.00000e+00
   14.0  0.00000e+00
   15.0  0.00000e+00
   16.0  0.00000e+00
   17.0  0.00000e+00
   18.0  0.00000e+00
   19.0  0.00000e+00
   20.0  0.00000e+00
   21.0  0.00000e+00
   22.0  0.00000e+00
   23.0  0.00000e+00
   24.0  0.00000e+00
   25.0  0.00000e+00
   26.0  0.00000e+00
   27.0  0.00000e+00
   28.0  0.00000e+00
   29.0  0.00000e+00
   30.0  0.00000e+00
   31.0  0.00000e+00
   32.0  0.00000e+00
   33.0  0.00000e+00
   34.0  0.00000e+00
   35.0  0.00000e+00
   36.0  0.00000e+00
   37.0  0.00000e+00
   38.0  0.00000e+00
   39.0  0.00000e+00
   40.0  0.00000e+00
   41.0  0.00000e+00
   42.0  0.00000e+00
   43.0  0.00000e+00
   44.0  0.00000e+00
   45.0  0.00000e+00
   46.0  0.00000e+00
   47.0  0.00000e+00
   48.0  0.00000e+00
   49.0  0.00000e+00
   50.0  0.00000e+00
   51.0  0.00000e+00
   52.0  0.00000e+00
   53.0  0.00000e+00
   54.0  0.00000e+00
   55.0  0.00000e+00
   56.0  0.00000e+00
   57.0  0.00000e+00
   58.0  0.00000e+00
   59.0  0.00000e+00
   60.0  0.00000e+00
   61.0  0.00000e+00
   62.0  0.00000e+00
   63.0  0.00000e+00
   64.0  0.00000e+00
   65.0  0.00000e+00
   66.0  0.00000e+00
   67.0  0.00000e+00
   68.0  0.00000e+00
   69.0  0.00000e+00
   70.0  0.00000e+00
   71.0  0.00000e+00
   72.0  0.00000e+00
   73.0  0.00000e+00
   74.0  0.00000e+00
   75.0  0.00000e+00
   76.0  0.00000e+00
   77.0  0.00000e+00
   78.0  0.00000e+00
   79.0  0.00000e+00
   80.0  0.00000e+00
   81.0  0.00000e+00
   82.0  0.00000e+00
   83.0  0.00000e+00
   84.0  0.00000e+00
   85.0  0.00000e+00
   86.0  0.00000e+00
   87.0  0.00000e+00
   88.0  0.00000e+00
   89.0  0.00000e+00
   90.0  0.00000e+00
   91.0  0.00000e+00
   92.0  0.00000e+00
   93.0  0.00000e+00
   94.0  0.00000e+00
   95.0  0.00000e+00
   96.0  0.00000e+00
   97.0  0.00000e+00
   98.0  0.00000e+00
   99.0  0.00000e+00
  100.0  0.00000e+00
  101.0  0.00000e+00
  102.0  0.00000e+00
  103.0  0.00000e+00
  104.0  0.00000e+00
  105.0  0.00000e+00
  106.0  0.00000e+00
  107.0  0.00000e+00
  108.0  0.00000e+00
  109.0  0.00000e+00
  110.0  0.00000e+00
  111.0  0.00000e+00
  112.0  5.00000e-02
  113.0  1.50000e-01
  114.0  2.50097e-01
  115.0  3.50221e-01
  116.0  4.49854e-01
  117.0  5.49393e-01
  118.0  6.49770e-01
  119.0  7.47857e-01
  120.0  8.04312e-01
  121.0  8.16403e-01
  122.0  8.26244e-01
  123.0  8.34706e-01
  124.0  8.45562e-01
  125.0  8.55371e-01
  126.0  8.64991e-01
  127.0  8.75444e-01
  128.0  8.86286e-01
  129.0  8.94893e-01
  130.0  8.99552e-01
  131.0  8.99882e-01
  132.0  9.00702e-01
  133.0  9.00116e-01
  134.0  9.01677e-01
  135.0  9.01894e-01
  136.0  9.01681e-01
  137.0  8.99219e-01
  138.0  8.99906e-01
  139.0  9.01085e-01
  140.0  5.50311e-01
  141.0  1.00358e-01
  142.0  0.00000e+00
  143.0  0.00000e+00
  144.0  0.00000e+00
  145.0  0.00000e+00
  146.0  0.00000e+00
  147.0  0.00000e+00
  148.0  0.00000e+00
  149.0  0.00000e+00
  150.0  0.00000e+00
  151.0  0.00000e+00
  152.0  0.00000e+00
  153.0  0.00000e+00
  154.0  0.00000e+00
  155.0  0.00000e+00
  156.0  0.00000e+00
  157.0  0.00000e+00
  158.0  0.00000e+00
  159.0  0.00000e+00
  160.0  0.00000e+00
  161.0  0.00000e+00
  162.0  0.00000e+00
  163.0  0.00000e+00
  164.0  0.00000e+00
  165.0  0.00000e+00
  166.0  0.00000e+00
  167.0  0.00000e+00
  168.0  0.00000e+00
  169.0  0.00000e+00
  170.0  0.00000e+00
  171.0  0.00000e+00
  172.0  0.00000e+00
  173.0  0.00000e+00
  174.0  0.00000e+00
  175.0  0.00000e+00
  176.0  0.00000e+00
  177.0  0.00000e+00
  178.0  0.00000e+00
  179.0  0.00000e+00
  180.0  0.00000e+00
  181.0  0.00000e+00
  182.0  0.00000e+00
  183.0  0.00000e+00
  184.0  0.00000e+00
  185.0  0.00000e+00
  186.0  0.00000e+00
  187.0  0.00000e+00
  188.0  0.00000e+00
  189.0  0.00000e+00
  190.0  0.00000e+00
  191.0  0.00000e+00
  192.0  0.00000e+00
  193.0  0.00000e+00
  194.0  0.00000e+00
  195.0  0.00000e+00
  196.0  0.00000e+00
  197.0  0.00000e+00
  198.0  0.00000e+00
  199.0  0.00000e+00
  200.0  0.00000e+00
  201.0  0.00000e+00
  202.0  0.00000e+00
  203.0  0.00000e+00
  204.0  0.00000e+00
  205.0  0.00000e+00
  206.0  0.00000e+00
  207.0  0.00000e+00
  208.0  0.00000e+00
  209.0  0.00000e+00
  210.0  0.00000e+00
  211.0  0.00000e+00
  212.0  0.00000e+00
  213.0  0.00000e+00
  214.0  0.00000e+00
  215.0  0.00000e+00
  216.0  0.00000e+00
  217.0  0.00000e+00
  218.0  0.00000e+00
  219.0  0.00000e+00
  220.0  0.00000e+00
  221.0  0.00000e+00
  222.0  0.00000e+00
  223.0  0.00000e+00
  224.0  0.00000e+00
  225.0  0.00000e+00
  226.0  0.00000e+00
  227.0  0.00000e+00
  228.0  0.00000e+00
  229.0  0.00000e+00
  230.0  0.00000e+00
  231.0  0.00000e+00
  232.0  0.00000e+00
  233.0  0.00000e+00
  234.0  0.00000e+00
  235.0  0.00000e+00
  236.0  0.00000e+00
  237.0  0.00000e+00
  238.0  0.00000e+00
  239.0  0.00000e+00
  240.0  0.00000e+00
  241.0  0.00000e+00
  242.0  0.00000e+00
  243.0  0.00000e+00
  244.0  0.00000e+00
  245.0  0.00000e+00
  246.0  0.00000e+00
  247.0  0.00000e+00
  248.0  0.00000e+00
  249.0  0.00000e+00
  250.0  0.00000e+00
  251.0  0.00000e+00
  252.0  0.00000e+00
  253.0  0.00000e+00
  254.0  0.00000e+00
  255.0  0.00000e+00
  256.0  0.00000e+00
  257.0  0.00000e+00
  258.0  0.00000e+00
  259.0  0.00000e+00
  260.0  0.00000e+00
  261.0  0.00000e+00
  262.0  0.00000e+00
  263.0  0.00000e+00
  264.0  0.00000e+00
  265.0  0.00000e+00
  266.0  0.00000e+00
  267.0  0.00000e+00
  268.0  0.00000e+00
  269.0  0.00000e+00
  270.0  0.00000e+00
  271.0  0.00000e+00
  272.0  0.00000e+00
  273.0  0.00000e+00
  274.0  0.00000e+00
  275.0  0.00000e+00
  276.0  0.00000e+00
  277.0  0.00000e+00
  278.0  0.00000e+00
  279.0  0.00000e+00
  280.0  0.00000e+00
  281.0  0.00000e+00
  282.0  0.00000e+00
  283.0  0.00000e+00
  284.0  0.00000e+00
  285.0  0.00000e+00
  286.0  0.00000e+00
  287.0  0.00000e+00
  288.0  0.00000e+00
  289.0  0.00000e+00
  290.0  0.00000e+00
  291.0  0.00000e+00
  292.0  0.00000e+00
  293.0  0.00000e+00
  294.0  0.00000e+00
  295.0  0.00000e+00
  296.0  0.00000e+00
  297.0  0.00000e+00
  298.0  0.00000e+00
  299.0  0.00000e+00
