  113.0  4.71306e-18
  114.0  1.91725e-17
  115.0  2.70397e-17
  116.0  2.74087e-17
  117.0  2.74485e-17
  118.0  2.69353e-17
  119.0  2.55327e-17
  120.0  2.38916e-17
  121.0  2.15273e-17
  122.0  1.91352e-17
  123.0  1.82247e-17
  124.0  1.65503e-17
  125.0  1.81013e-17
  126.0  1.55397e-17
  127.0  1.86297e-17
  128.0  1.66954e-17
  129.0  1.62881e-17
  130.0  2.33462e-17
  131.0  1.88845e-17
  132.0  1.55045e-17
  133.0  1.89484e-17
  134.0  2.14956e-17
  135.0  2.05003e-17
  136.0  2.67965e-17
  137.0  2.71872e-17
  138.0  2.79043e-17
  139.0  1.86564e-17
  140.0  2.36719e-17
  141.0  1.51135e-17
  142.0  1.54466e-17
  143.0  1.21672e-17
  144.0  1.91251e-17
  145.0  1.48065e-17
  146.0  2.44236e-17
  147.0  2.97577e-17
  148.0  2.31815e-17
  149.0  1.80704e-17
  150.0  1.17610e-17
  151.0  6.33627e-18
  152.0  5.51546e-18
  153.0  5.73929e-18
  154.0  5.26767e-18
  155.0  9.52757e-18
  156.0  1.03272e-17
  157.0  9.13179e-18
  158.0  1.95573e-17
  159.0  1.91589e-17
  160.0  1.64244e-17
  161.0  1.06320e-17
  162.0  1.72275e-17
  163.0  2.98594e-17
  164.0  1.92268e-17
  165.0  3.01720e-17
  166.0  4.55473e-17
  167.0  5.06275e-18
  168.0  1.59523e-18
  169.0  2.09124e-18
  170.0  1.80325e-18
  171.0  1.52898e-18
  172.0  3.46828e-18
  173.0  4.87439e-18
  174.0  1.72880e-18
  175.0  1.56546e-18
  176.0  3.70606e-18
  177.0  6.48973e-18
  178.0  2.47103e-18
  179.0  3.15869e-18
  180.0  9.23861e-18
  181.0  1.65235e-17
  182.0  1.08863e-18
  183.0  4.30307e-19
  184.0  1.13820e-19
  185.0  0.00000e+00
  186.0  0.00000e+00
  187.0  0.00000e+00
  188.0  0.00000e+00
  189.0  0.00000e+00
  190.0  0.00000e+00
  191.0  0.00000e+00
  192.0  0.00000e+00
  193.0  0.00000e+00
  194.0  0.00000e+00
  195.0  0.00000e+00
  196.0  0.00000e+00
  197.0  0.00000e+00
  198.0  0.00000e+00
  199.0  0.00000e+00
  200.0  0.00000e+00
  201.0  0.00000e+00
  202.0  5.49223e-22
  203.0  5.34674e-22
  204.0  5.30585e-22
  205.0  5.30134e-22
  206.0  5.24679e-22
  207.0  5.13825e-22
  208.0  5.03200e-22
  209.0  4.94054e-22
  210.0  4.86738e-22
  211.0  4.81360e-22
  212.0  4.78560e-22
  213.0  4.78939e-22
  214.0  4.81677e-22
  215.0  4.86951e-22
  216.0  4.96486e-22
  217.0  5.11212e-22
  218.0  5.30266e-22
  219.0  5.54276e-22
  220.0  5.85952e-22
  221.0  6.26942e-22
  222.0  6.78106e-22
  223.0  7.41325e-22
  224.0  8.18739e-22
  225.0  9.10520e-22
  226.0  1.01480e-21
  227.0  1.13331e-21
  228.0  1.27025e-21
  229.0  1.42674e-21
  230.0  1.60359e-21
  231.0  1.80319e-21
  232.0  2.02800e-21
  233.0  2.27840e-21
  234.0  2.54832e-21
  235.0  2.83908e-21
  236.0  3.16535e-21
  237.0  3.54459e-21
  238.0  4.02110e-21
  239.0  4.61473e-21
  240.0  5.29612e-21
  241.0  6.02249e-21
  242.0  6.72055e-21
  243.0  7.36038e-21
  244.0  7.96751e-21
  245.0  8.56769e-21
  246.0  9.21258e-21
  247.0  9.90918e-21
  248.0  1.06347e-20
  249.0  1.14031e-20
  250.0  1.22439e-20
  251.0  1.31640e-20
  252.0  1.41442e-20
  253.0  1.51741e-20
  254.0  1.62616e-20
  255.0  1.74033e-20
  256.0  1.85686e-20
  257.0  1.97268e-20
  258.0  2.08265e-20
  259.0  2.18562e-20
  260.0  2.28710e-20
  261.0  2.39413e-20
  262.0  2.52329e-20
  263.0  2.67645e-20
  264.0  2.83625e-20
  265.0  2.98809e-20
  266.0  3.10753e-20
  267.0  3.19115e-20
  268.0  3.26129e-20
  269.0  3.33767e-20
  270.0  3.45678e-20
  271.0  3.62187e-20
  272.0  3.79778e-20
  273.0  3.95769e-20
  274.0  4.05122e-20
  275.0  4.07557e-20
  276.0  4.08456e-20
  277.0  4.12021e-20
  278.0  4.22553e-20
  279.0  4.39053e-20
  280.0  4.56500e-20
  281.0  4.65500e-20
  282.0  4.68000e-20
  283.0  4.64000e-20
  284.0  4.52000e-20
  285.0  4.43500e-20
  286.0  4.48500e-20
  287.0  4.62500e-20
  288.0  4.71500e-20
  289.0  4.80000e-20
  290.0  4.80500e-20
  291.0  4.70500e-20
  292.0  4.58500e-20
  293.0  4.41000e-20
  294.0  4.28500e-20
  295.0  4.25000e-20
  296.0  4.30500e-20
  297.0  4.39000e-20
  298.0  4.33500e-20
  299.0  4.20500e-20
  300.0  4.06000e-20
  301.0  3.92000e-20
  302.0  3.78500e-20
  303.0  3.58000e-20
  304.0  3.44500e-20
  305.0  3.42000e-20
  306.0  3.38500e-20
  307.0  3.33500e-20
  308.0  3.21000e-20
  309.0  3.01500e-20
  310.0  2.82500e-20
  311.0  2.62500e-20
  312.0  2.49500e-20
  313.0  2.42500e-20
  314.0  2.29000e-20
  315.0  2.13500e-20
  316.0  2.07500e-20
  317.0  2.03000e-20
  318.0  1.91000e-20
  319.0  1.77000e-20
  320.0  1.59000e-20
  321.0  1.43000e-20
  322.0  1.30500e-20
  323.0  1.14500e-20
  324.0  1.10500e-20
  325.0  1.12000e-20
  326.0  9.49000e-21
  327.0  7.61500e-21
  328.0  7.28000e-21
  329.0  7.20000e-21
  330.0  6.29500e-21
  331.0  5.28000e-21
  332.0  4.58000e-21
  333.0  3.76500e-21
  334.0  3.41500e-21
  335.0  2.88500e-21
  336.0  2.23000e-21
  337.0  2.15500e-21
  338.0  2.09000e-21
  339.0  1.70500e-21
  340.0  1.00700e-21
  341.0  5.40000e-22
  342.0  3.60500e-22
  343.0  2.86000e-22
  344.0  2.38500e-22
  345.0  2.04500e-22
  346.0  1.74000e-22
  347.0  1.54000e-22
  348.0  1.77350e-22
  349.0  1.36550e-22
  350.0  7.34500e-23
  351.0  5.96000e-23
  352.0  5.24500e-23
  353.0  4.94000e-23
  354.0  4.68000e-23
  355.0  5.09000e-23
  356.0  4.31500e-23
  357.0  3.86500e-23
  358.0  3.17500e-23
  359.0  2.41000e-23
