   62.0  1.55487e-17
   63.0  1.53748e-17
   64.0  1.53126e-17
   65.0  1.55805e-17
   66.0  1.62773e-17
   67.0  1.71592e-17
   68.0  1.79222e-17
   69.0  1.87003e-17
   70.0  1.89950e-17
   71.0  1.95385e-17
   72.0  1.97989e-17
   73.0  1.98913e-17
   74.0  1.99629e-17
   75.0  2.00672e-17
   76.0  2.00035e-17
   77.0  2.01002e-17
   78.0  2.01593e-17
   79.0  2.03525e-17
   80.0  2.08263e-17
   81.0  2.12698e-17
   82.0  2.17000e-17
   83.0  2.20978e-17
   84.0  2.23361e-17
   85.0  2.26576e-17
   86.0  2.31354e-17
   87.0  2.37760e-17
   88.0  2.44155e-17
   89.0  2.47790e-17
   90.0  2.54613e-17
   91.0  2.57991e-17
   92.0  2.58538e-17
   93.0  2.52426e-17
   94.0  2.45522e-17
   95.0  2.41370e-17
   96.0  2.46254e-17
   97.0  2.55364e-17
   98.0  2.74482e-17
   99.0  3.06792e-17
  100.0  3.40970e-17
  101.0  3.75146e-17
  102.0  4.09327e-17
  103.0  4.40143e-17
  104.0  4.77588e-17
  105.0  5.16703e-17
  106.0  5.49741e-17
  107.0  5.70719e-17
  108.0  5.79127e-17
  109.0  5.83792e-17
  110.0  5.88881e-17
  111.0  5.92382e-17
  112.0  6.01472e-17
  113.0  6.11139e-17
  114.0  6.09224e-17
  115.0  5.87092e-17
  116.0  5.58796e-17
  117.0  5.21654e-17
  118.0  4.94629e-17
  119.0  4.69600e-17
  120.0  4.59461e-17
  121.0  4.54821e-17
  122.0  4.53943e-17
  123.0  4.52010e-17
  124.0  4.49703e-17
  125.0  4.50495e-17
  126.0  4.50333e-17
  127.0  4.49971e-17
  128.0  4.47980e-17
  129.0  4.32389e-17
  130.0  4.00815e-17
  131.0  3.20088e-17
  132.0  2.64947e-17
  133.0  2.54557e-17
  134.0  2.46702e-17
  135.0  2.55001e-17
  136.0  2.05440e-17
  137.0  2.79769e-17
  138.0  2.28218e-17
  139.0  2.83861e-17
  140.0  3.01517e-17
  141.0  2.41393e-17
  142.0  2.27578e-17
  143.0  2.38481e-17
  144.0  2.76509e-17
  145.0  3.22761e-17
  146.0  2.55470e-17
  147.0  3.21018e-17
  148.0  1.64895e-17
  149.0  1.64477e-17
  150.0  1.68973e-17
  151.0  1.04464e-17
  152.0  1.02056e-17
  153.0  1.08640e-17
  154.0  1.18779e-17
  155.0  1.11933e-17
  156.0  1.15550e-17
  157.0  9.02706e-18
  158.0  9.31990e-18
  159.0  1.28345e-17
  160.0  1.39741e-17
  161.0  1.89965e-17
  162.0  3.45517e-17
  163.0  2.75811e-17
  164.0  1.48621e-17
  165.0  6.91057e-18
  166.0  3.26090e-18
  167.0  3.14081e-18
  168.0  3.26337e-18
  169.0  3.64803e-18
  170.0  4.30805e-18
  171.0  5.24022e-18
  172.0  7.16494e-18
  173.0  9.08988e-18
  174.0  1.24013e-17
  175.0  1.17500e-17
  176.0  1.47377e-17
  177.0  1.15896e-17
  178.0  4.58640e-18
  179.0  2.92136e-18
  180.0  2.84367e-18
  181.0  2.97613e-18
  182.0  3.80321e-18
  183.0  5.08146e-18
  184.0  6.37833e-18
  185.0  7.27203e-18
  186.0  5.02898e-18
  187.0  3.35400e-18
  188.0  2.44837e-18
  189.0  1.82747e-18
  190.0  1.32621e-18
  191.0  1.27449e-18
  192.0  1.84672e-18
  193.0  2.24559e-18
  194.0  2.70626e-18
  195.0  3.26651e-18
  196.0  3.83150e-18
  197.0  4.52653e-18
  198.0  5.28575e-18
  199.0  6.08932e-18
  200.0  6.86155e-18
  201.0  7.56681e-18
  202.0  8.11779e-18
  203.0  8.43029e-18
  204.0  8.42629e-18
  205.0  8.09750e-18
  206.0  7.46800e-18
  207.0  6.60045e-18
  208.0  5.59917e-18
  209.0  4.55143e-18
  210.0  3.56766e-18
  211.0  2.72597e-18
  212.0  2.05922e-18
  213.0  1.56873e-18
  214.0  1.22899e-18
  215.0  1.00421e-18
  216.0  8.64592e-19
  217.0  7.74873e-19
  218.0  7.19997e-19
  219.0  6.86073e-19
  220.0  6.67949e-19
  221.0  6.58974e-19
  222.0  6.55202e-19
  223.0  6.55923e-19
  224.0  6.59949e-19
  225.0  6.63624e-19
  226.0  6.67802e-19
  227.0  6.72599e-19
  228.0  6.75822e-19
  229.0  6.77151e-19
  230.0  6.78450e-19
  231.0  6.76825e-19
  232.0  6.73026e-19
  233.0  6.68099e-19
  234.0  6.58399e-19
  235.0  6.47099e-19
  236.0  6.33749e-19
  237.0  6.17076e-19
  238.0  5.98022e-19
  239.0  5.73773e-19
  240.0  5.51377e-19
  241.0  5.27348e-19
  242.0  5.01823e-19
  243.0  4.76374e-19
  244.0  4.47225e-19
  245.0  4.18972e-19
  246.0  3.91696e-19
  247.0  3.62077e-19
  248.0  3.37744e-19
  249.0  3.11399e-19
  250.0  2.86175e-19
  251.0  2.61772e-19
  252.0  2.37561e-19
  253.0  2.14603e-19
  254.0  1.93147e-19
  255.0  1.73009e-19
  256.0  1.53987e-19
  257.0  1.36562e-19
  258.0  1.20534e-19
  259.0  1.05139e-19
  260.0  9.18144e-20
  261.0  7.95246e-20
  262.0  6.86420e-20
  263.0  5.87665e-20
  264.0  5.02698e-20
  265.0  4.29247e-20
  266.0  3.62872e-20
  267.0  3.01652e-20
  268.0  2.52344e-20
  269.0  2.11647e-20
  270.0  1.75151e-20
  271.0  1.43548e-20
  272.0  1.18125e-20
  273.0  9.79493e-21
  274.0  7.94988e-21
  275.0  6.46737e-21
  276.0  5.23246e-21
  277.0  4.25990e-21
  278.0  3.46498e-21
  279.0  2.79749e-21
  280.0  2.22745e-21
  281.0  1.81248e-21
  282.0  1.49249e-21
  283.0  1.22251e-21
  284.0  9.72472e-22
  285.0  7.97493e-22
  286.0  6.49976e-22
  287.0  5.37513e-22
  288.0  4.37494e-22
  289.0  3.67482e-22
  290.0  3.07504e-22
  291.0  2.52493e-22
  292.0  2.15247e-22
  293.0  1.82249e-22
  294.0  1.56250e-22
  295.0  1.34498e-22
  296.0  1.17500e-22
  297.0  1.00749e-22
  298.0  8.79995e-23
  299.0  7.62489e-23
  300.0  6.67485e-23
  301.0  5.84988e-23
  302.0  5.07496e-23
  303.0  4.42509e-23
  304.0  3.92495e-23
  305.0  3.50006e-23
  306.0  3.02488e-23
  307.0  2.67502e-23
  308.0  2.32499e-23
