    1.0  5.08274e-19
    2.0  7.93555e-19
    3.0  9.26903e-19
    4.0  7.59102e-19
    5.0  6.06553e-19
    6.0  9.93529e-19
    7.0  1.40505e-18
    8.0  1.80954e-18
    9.0  2.29570e-18
   10.0  2.86726e-18
   11.0  3.51428e-18
   12.0  4.33300e-18
   13.0  5.12208e-18
   14.0  5.90929e-18
   15.0  6.71272e-18
   16.0  7.60709e-18
   17.0  8.56417e-18
   18.0  9.60443e-18
   19.0  1.08157e-17
   20.0  1.21872e-17
   21.0  1.34734e-17
   22.0  1.44716e-17
   23.0  1.50428e-17
   24.0  1.53684e-17
   25.0  1.56896e-17
   26.0  1.61940e-17
   27.0  1.69988e-17
   28.0  1.80203e-17
   29.0  1.93104e-17
   30.0  2.07501e-17
   31.0  2.22111e-17
   32.0  2.34655e-17
   33.0  2.45158e-17
   34.0  2.54394e-17
   35.0  2.60056e-17
   36.0  2.63596e-17
   37.0  2.69921e-17
   38.0  2.72192e-17
   39.0  2.75573e-17
   40.0  2.78688e-17
   41.0  2.80310e-17
   42.0  2.84562e-17
   43.0  2.87050e-17
   44.0  2.92552e-17
   45.0  2.99871e-17
   46.0  3.00450e-17
   47.0  2.98174e-17
   48.0  2.98453e-17
   49.0  3.01099e-17
   50.0  3.05473e-17
   51.0  3.12209e-17
   52.0  3.21543e-17
   53.0  3.31859e-17
   54.0  3.42000e-17
   55.0  3.50317e-17
   56.0  3.57153e-17
   57.0  3.62954e-17
   58.0  3.65718e-17
   59.0  3.66073e-17
   60.0  3.64413e-17
   61.0  3.60524e-17
   62.0  3.54224e-17
   63.0  3.49463e-17
   64.0  3.48855e-17
   65.0  3.46404e-17
   66.0  3.39188e-17
   67.0  3.26552e-17
   68.0  3.41889e-17
   69.0  3.31513e-17
   70.0  3.50822e-17
   71.0  3.08730e-17
   72.0  3.50502e-17
   73.0  2.21396e-17
   74.0  2.45402e-17
   75.0  5.93019e-17
   76.0  5.15886e-17
   77.0  3.61704e-17
   78.0  3.00370e-17
   79.0  2.23058e-17
   80.0  1.95419e-17
   81.0  1.65078e-17
   82.0  1.40661e-17
   83.0  1.30410e-17
   84.0  1.49597e-17
   85.0  1.77561e-17
   86.0  2.45026e-17
   87.0  3.50951e-17
   88.0  5.16910e-17
   89.0  7.64824e-17
   90.0  8.47322e-17
   91.0  7.35777e-17
   92.0  7.58111e-17
   93.0  6.61171e-17
   94.0  5.72334e-17
   95.0  6.17315e-17
   96.0  4.88631e-17
   97.0  3.42823e-17
   98.0  4.77300e-17
   99.0  5.92218e-17
  100.0  5.35316e-17
  101.0  2.83831e-17
  102.0  3.69262e-17
  103.0  3.20773e-17
  104.0  2.17412e-17
  105.0  1.85110e-17
  106.0  2.24675e-17
  107.0  1.84103e-17
  108.0  4.24524e-17
  109.0  9.71331e-18
  110.0  1.03347e-17
  111.0  3.74681e-17
  112.0  9.18121e-17
  113.0  1.95052e-17
  114.0  7.38562e-18
  115.0  1.71251e-18
  116.0  8.05905e-19
  117.0  2.92207e-18
  118.0  1.64208e-18
  119.0  1.06645e-18
  120.0  7.19039e-19
  121.0  4.91933e-19
  122.0  3.72447e-19
  123.0  3.38634e-19
  124.0  3.84733e-19
  125.0  4.56846e-19
  126.0  5.77804e-19
  127.0  7.16834e-19
  128.0  9.00224e-19
  129.0  1.03556e-18
  130.0  1.23237e-18
  131.0  1.29852e-18
  132.0  1.33251e-18
  133.0  1.22231e-18
  134.0  1.17805e-18
  135.0  9.73124e-19
  136.0  9.39247e-19
  137.0  7.99382e-19
  138.0  6.94591e-19
  139.0  6.45098e-19
  140.0  6.30180e-19
  141.0  6.15158e-19
  142.0  6.22599e-19
  143.0  6.35328e-19
  144.0  6.34969e-19
  145.0  6.50646e-19
  146.0  6.59224e-19
  147.0  6.44381e-19
  148.0  6.49607e-19
  149.0  6.47757e-19
  150.0  6.34364e-19
  151.0  6.32973e-19
  152.0  5.97951e-19
  153.0  5.70502e-19
  154.0  5.82675e-19
  155.0  5.62467e-19
  156.0  5.40772e-19
  157.0  4.83334e-19
  158.0  4.66139e-19
  159.0  4.43982e-19
  160.0  4.24503e-19
  161.0  3.94481e-19
  162.0  3.60817e-19
  163.0  3.32226e-19
  164.0  3.14061e-19
  165.0  2.90005e-19
  166.0  2.67506e-19
  167.0  2.43968e-19
  168.0  2.19770e-19
  169.0  2.07253e-19
  170.0  1.85229e-19
  171.0  1.73197e-19
  172.0  1.55516e-19
  173.0  1.42888e-19
  174.0  1.31327e-19
  175.0  1.19298e-19
  176.0  1.09918e-19
  177.0  9.76703e-20
  178.0  9.04961e-20
  179.0  8.06290e-20
  180.0  7.44009e-20
  181.0  6.52543e-20
  182.0  6.02442e-20
  183.0  5.38098e-20
  184.0  4.97730e-20
  185.0  4.62417e-20
  186.0  4.23359e-20
  187.0  3.65403e-20
  188.0  3.36131e-20
  189.0  3.01050e-20
  190.0  2.75490e-20
  191.0  2.45933e-20
  192.0  2.20837e-20
  193.0  2.00799e-20
  194.0  1.80823e-20
  195.0  1.66048e-20
  196.0  1.47974e-20
  197.0  1.33843e-20
  198.0  1.20722e-20
  199.0  1.14967e-20
  200.0  1.02887e-20
  201.0  9.31517e-21
  202.0  8.29687e-21
  203.0  7.39768e-21
  204.0  6.48026e-21
  205.0  5.84860e-21
  206.0  5.16717e-21
  207.0  4.66206e-21
  208.0  4.18464e-21
  209.0  3.73814e-21
  210.0  3.27944e-21
  211.0  2.93424e-21
  212.0  2.64697e-21
  213.0  2.29884e-21
  214.0  2.01271e-21
  215.0  1.76228e-21
  216.0  1.56371e-21
  217.0  1.41325e-21
  218.0  1.28069e-21
  219.0  1.13432e-21
  220.0  9.83064e-22
  221.0  8.56447e-22
  222.0  7.57091e-22
  223.0  6.55935e-22
  224.0  5.66206e-22
  225.0  4.98367e-22
  226.0  4.63634e-22
  227.0  4.13298e-22
  228.0  3.12783e-22
  229.0  2.91313e-22
