  400.0  4.50000e-20
  401.0  5.00000e-20
  402.0  5.00000e-20
  403.0  2.40865e-20
  404.0  2.90865e-20
  405.0  2.50000e-20
  406.0  1.50000e-20
  407.0  2.00000e-20
  408.0  2.43443e-20
  409.0  1.43443e-20
  410.0  1.50000e-20
  411.0  3.50000e-20
  412.0  5.00000e-20
  413.0  3.50000e-20
  414.0  4.00000e-20
  415.0  6.50000e-20
  416.0  7.50000e-20
  417.0  6.50000e-20
  418.0  7.00000e-20
  419.0  9.00000e-20
  420.0  9.00000e-20
  421.0  9.50000e-20
  422.0  1.10000e-19
  423.0  1.10000e-19
  424.0  9.00000e-20
  425.0  1.15000e-19
  426.0  1.50000e-19
  427.0  1.40000e-19
  428.0  1.25000e-19
  429.0  1.50000e-19
  430.0  1.60000e-19
  431.0  1.50000e-19
  432.0  1.75000e-19
  433.0  1.95000e-19
  434.0  1.85000e-19
  435.0  1.65000e-19
  436.0  1.80000e-19
  437.0  2.15000e-19
  438.0  2.25000e-19
  439.0  2.80000e-19
  440.0  4.01676e-19
  441.0  4.22082e-19
  442.0  3.87527e-19
  443.0  3.95611e-19
  444.0  3.98029e-19
  445.0  4.24062e-19
  446.0  4.24801e-19
  447.0  4.34389e-19
  448.0  4.23803e-19
  449.0  4.17042e-19
  450.0  4.30756e-19
  451.0  4.49654e-19
  452.0  4.50177e-19
  453.0  4.65472e-19
  454.0  4.69481e-19
  455.0  4.68205e-19
  456.0  4.91851e-19
  457.0  4.98536e-19
  458.0  5.03124e-19
  459.0  5.01066e-19
  460.0  4.67338e-19
  461.0  4.57692e-19
  462.0  4.61732e-19
  463.0  4.90265e-19
  464.0  5.14611e-19
  465.0  5.09624e-19
  466.0  5.26624e-19
  467.0  5.30865e-19
  468.0  5.64394e-19
  469.0  5.44762e-19
  470.0  5.51684e-19
  471.0  5.80785e-19
  472.0  5.93491e-19
  473.0  6.01589e-19
  474.0  6.34942e-19
  475.0  7.05121e-19
  476.0  1.24550e-18
  477.0  1.43830e-18
  478.0  1.19485e-18
  479.0  1.03024e-18
  480.0  1.24433e-18
  481.0  1.16450e-18
  482.0  1.16151e-18
  483.0  1.29432e-18
  484.0  1.27786e-18
  485.0  1.16897e-18
  486.0  1.34065e-18
  487.0  1.16428e-18
  488.0  8.19041e-19
  489.0  7.89237e-19
  490.0  1.28414e-18
  491.0  1.26242e-18
  492.0  1.12677e-18
  493.0  9.38098e-19
  494.0  8.68903e-19
  495.0  1.00402e-18
  496.0  1.16169e-18
  497.0  1.16321e-18
  498.0  1.39035e-18
  499.0  1.37671e-18
  500.0  1.14473e-18
  501.0  1.07215e-18
  502.0  9.43434e-19
  503.0  1.04672e-18
  504.0  1.04856e-18
  505.0  1.15747e-18
  506.0  1.25186e-18
  507.0  1.19652e-18
  508.0  1.15713e-18
  509.0  1.16291e-18
  510.0  1.43702e-18
  511.0  1.66195e-18
  512.0  1.60682e-18
  513.0  1.53742e-18
  514.0  1.52228e-18
  515.0  1.65932e-18
  516.0  1.57210e-18
  517.0  1.42455e-18
  518.0  1.37059e-18
  519.0  1.51057e-18
  520.0  1.71177e-18
  521.0  1.95430e-18
  522.0  1.96821e-18
  523.0  1.79372e-18
  524.0  1.56848e-18
  525.0  1.39355e-18
  526.0  1.53770e-18
  527.0  1.87567e-18
  528.0  2.25970e-18
  529.0  2.47189e-18
  530.0  2.21645e-18
  531.0  2.05093e-18
  532.0  2.01516e-18
  533.0  1.98471e-18
  534.0  2.26122e-18
  535.0  2.71549e-18
  536.0  2.90399e-18
  537.0  2.65301e-18
  538.0  2.22116e-18
  539.0  2.12149e-18
  540.0  2.21914e-18
  541.0  2.08172e-18
  542.0  1.72724e-18
  543.0  1.53236e-18
  544.0  1.75080e-18
  545.0  2.12926e-18
  546.0  2.77327e-18
  547.0  3.14636e-18
  548.0  2.89328e-18
  549.0  2.55552e-18
  550.0  2.47278e-18
  551.0  2.50104e-18
  552.0  2.52348e-18
  553.0  2.63109e-18
  554.0  3.03239e-18
  555.0  3.36025e-18
  556.0  3.45678e-18
  557.0  3.56253e-18
  558.0  3.87681e-18
  559.0  3.89712e-18
  560.0  3.37996e-18
  561.0  3.12366e-18
  562.0  3.01586e-18
  563.0  2.83520e-18
  564.0  2.74685e-18
  565.0  2.92245e-18
  566.0  3.01927e-18
  567.0  2.94717e-18
  568.0  3.04294e-18
  569.0  2.96369e-18
  570.0  2.84903e-18
  571.0  2.80816e-18
  572.0  2.79972e-18
  573.0  2.95341e-18
  574.0  3.06478e-18
  575.0  3.38840e-18
  576.0  3.56165e-18
  577.0  3.57516e-18
  578.0  3.42327e-18
  579.0  3.38147e-18
  580.0  3.58936e-18
  581.0  3.74734e-18
  582.0  3.23939e-18
  583.0  2.94658e-18
  584.0  2.82617e-18
  585.0  2.97942e-18
  586.0  3.58065e-18
  587.0  4.66306e-18
  588.0  5.78869e-18
  589.0  6.41337e-18
  590.0  5.84154e-18
  591.0  5.44889e-18
  592.0  4.92322e-18
  593.0  4.40289e-18
  594.0  4.31816e-18
  595.0  4.58752e-18
  596.0  4.76382e-18
  597.0  4.30338e-18
  598.0  3.53570e-18
  599.0  2.95630e-18
  600.0  2.75018e-18
  601.0  3.13808e-18
  602.0  3.66319e-18
  603.0  4.33478e-18
  604.0  4.87575e-18
  605.0  4.26634e-18
  606.0  3.06333e-18
  607.0  2.14702e-18
  608.0  1.75742e-18
  609.0  1.73927e-18
  610.0  1.82013e-18
  611.0  1.95048e-18
  612.0  2.42210e-18
  613.0  2.69628e-18
  614.0  2.48978e-18
  615.0  2.15527e-18
  616.0  1.98553e-18
  617.0  2.11289e-18
  618.0  2.36996e-18
  619.0  2.64263e-18
  620.0  3.62801e-18
  621.0  6.86041e-18
  622.0  1.20985e-17
  623.0  1.39529e-17
  624.0  1.02510e-17
  625.0  7.74382e-18
  626.0  7.40025e-18
  627.0  7.49207e-18
  628.0  7.39400e-18
  629.0  7.12545e-18
  630.0  6.22628e-18
  631.0  4.14567e-18
  632.0  2.68284e-18
  633.0  1.85148e-18
  634.0  1.36439e-18
  635.0  1.38112e-18
  636.0  1.79067e-18
  637.0  2.20782e-18
  638.0  1.81450e-18
  639.0  1.35209e-18
  640.0  1.09453e-18
  641.0  9.46054e-19
  642.0  8.94647e-19
  643.0  9.54134e-19
  644.0  9.60338e-19
  645.0  8.46230e-19
  646.0  7.34638e-19
  647.0  6.61814e-19
  648.0  6.20978e-19
  649.0  5.58199e-19
  650.0  5.40004e-19
  651.0  5.87363e-19
  652.0  6.72956e-19
  653.0  7.69161e-19
  654.0  9.02142e-19
  655.0  1.06279e-18
  656.0  1.36122e-18
  657.0  1.75746e-18
  658.0  2.53352e-18
  659.0  4.48608e-18
  660.0  8.87737e-18
  661.0  1.70430e-17
  662.0  2.02547e-17
  663.0  1.46142e-17
  664.0  8.98793e-18
  665.0  5.95798e-18
  666.0  3.76234e-18
  667.0  2.28641e-18
  668.0  1.44244e-18
  669.0  1.00438e-18
  670.0  8.00901e-19
  671.0  7.67182e-19
  672.0  7.03238e-19
  673.0  5.74669e-19
  674.0  4.87407e-19
  675.0  4.71413e-19
  676.0  5.37536e-19
  677.0  7.19663e-19
  678.0  8.18101e-19
  679.0  7.41382e-19
  680.0  6.17427e-19
  681.0  4.97866e-19
  682.0  4.10998e-19
  683.0  3.29116e-19
  684.0  2.67850e-19
  685.0  2.30612e-19
  686.0  2.31725e-19
  687.0  2.39185e-19
  688.0  2.47577e-19
  689.0  2.20830e-19
  690.0  2.00661e-19
  691.0  1.96596e-19
  692.0  1.91971e-19
  693.0  2.00141e-19
  694.0  1.98393e-19
  695.0  2.03380e-19
  696.0  2.16204e-19
  697.0  2.31778e-19
  698.0  2.20879e-19
  699.0  2.08348e-19
  700.0  1.99055e-19
  701.0  1.85274e-19
  702.0  1.82217e-19
  703.0  1.61524e-19
  704.0  1.66847e-19
  705.0  1.71557e-19
  706.0  1.62582e-19
  707.0  1.56345e-19
  708.0  1.77809e-19
  709.0  1.90492e-19
  710.0  2.29458e-19
  711.0  2.65351e-19
  712.0  2.40281e-19
  713.0  1.96399e-19
  714.0  1.64498e-19
  715.0  1.51632e-19
  716.0  1.34099e-19
  717.0  1.27024e-19
  718.0  1.21568e-19
  719.0  1.14393e-19
  720.0  1.04688e-19
  721.0  1.09678e-19
  722.0  1.08025e-19
  723.0  1.11667e-19
  724.0  1.12408e-19
  725.0  1.04780e-19
  726.0  9.33346e-20
  727.0  8.37837e-20
  728.0  8.21935e-20
  729.0  8.70689e-20
  730.0  8.52496e-20
  731.0  8.39498e-20
  732.0  8.44707e-20
  733.0  8.62034e-20
  734.0  9.37509e-20
  735.0  1.08759e-19
  736.0  1.01306e-19
  737.0  9.64908e-20
  738.0  9.13567e-20
  739.0  8.93864e-20
  740.0  8.81412e-20
  741.0  8.40034e-20
  742.0  8.42640e-20
  743.0  8.41299e-20
  744.0  7.37973e-20
  745.0  6.73557e-20
  746.0  8.18751e-20
  747.0  9.44978e-20
  748.0  8.84024e-20
  749.0  8.14346e-20
  750.0  7.17954e-20
  751.0  6.34206e-20
  752.0  5.75357e-20
  753.0  5.54482e-20
  754.0  5.70190e-20
  755.0  5.35355e-20
  756.0  3.96963e-20
  757.0  3.45727e-20
  758.0  4.02754e-20
  759.0  6.70900e-20
  760.0  1.68156e-19
  761.0  1.06632e-19
  762.0  8.27940e-20
  763.0  1.14758e-19
  764.0  9.31803e-20
  765.0  6.54278e-20
  766.0  4.65793e-20
  767.0  3.68158e-20
  768.0  3.66475e-20
  769.0  3.69667e-20
  770.0  3.69765e-20
  771.0  3.26291e-20
  772.0  3.55097e-20
  773.0  3.96726e-20
  774.0  3.61893e-20
  775.0  4.11870e-20
  776.0  4.05014e-20
  777.0  4.00850e-20
  778.0  4.23516e-20
  779.0  4.81779e-20
  780.0  3.86385e-20
  781.0  3.45279e-20
  782.0  3.47100e-20
  783.0  3.00994e-20
  784.0  2.72388e-20
  785.0  2.48600e-20
  786.0  2.41828e-20
  787.0  2.60580e-20
  788.0  2.67259e-20
  789.0  2.71318e-20
  790.0  2.50093e-20
  791.0  2.83325e-20
  792.0  2.95549e-20
  793.0  2.70056e-20
