CH3COOOH             300  5000  1000
 7.87651000e+00  1.42400000e-02 -4.81648000e-06  7.62396000e-10 -4.65514000e-14 -4.39851000e+04 -9.71105000e+00
 2.19569000e-01  3.53131000e-02 -2.24276000e-05  3.22888000e-09  1.67243000e-12 -4.19548000e+04  2.96617000e+01
C4H9O                300  5000  1000
 1.08161110e+01  2.04849930e-02 -6.12612710e-06  8.93178750e-10 -5.17843620e-14 -1.92811310e+04 -4.12957710e+01
-1.95327960e+00  5.21634150e-02 -3.10300130e-05  6.12449510e-09  7.11754390e-13 -1.55101920e+04  2.57509210e+01
C3H7O                300  5000  1000
 7.93919420e+00  1.59497130e-02 -4.72068500e-06  6.84053480e-10 -3.95399350e-14 -1.54257270e+04 -2.76003010e+01
-1.84931550e+00  4.10015100e-02 -2.54725640e-05  5.89854340e-09  2.34561960e-13 -1.26042650e+04  2.35337830e+01
CH3ONO2              300  4000  1500
 1.43618850e+01  4.11224300e-03 -5.11305200e-07 -1.49643640e-10  3.01215600e-14 -1.97244000e+04 -5.13184100e+01
 7.80335400e-01  3.45420300e-02 -2.82232700e-05  1.23232440e-08 -2.30216400e-12 -1.46534650e+04  2.24575100e+01
NO3                  300  5000  1000
 7.12030700e+00  3.24622800e-03 -1.43161340e-06  2.79705300e-10 -2.01300700e-14  5.86447900e+03 -1.21373010e+01
 1.22107630e+00  1.87879700e-02 -1.34432120e-05  1.27460130e-09  1.35406010e-12  7.47314400e+03  1.84020200e+01
CH3COOO              300  5000  1000
 5.83706190e+00  1.45179370e-02 -4.58537810e-06  6.92389650e-10 -4.09728880e-14 -2.46367970e+04  3.56861110e-01
-1.09234320e+00  3.91621440e-02 -3.33218890e-05  1.33454560e-08 -1.68048130e-12 -2.32860210e+04  3.41397290e+01
C2H5OO               300  5000  1000
 1.13253000e+01  8.28625000e-03 -1.86203000e-06  2.18209000e-10 -1.07868000e-14 -6.98659000e+03 -3.29488000e+01
 6.72056000e-01  3.62757000e-02 -3.00008000e-05  1.38479000e-08 -2.84583000e-12 -3.78886000e+03  2.28869000e+01
C2H4OOH              300  5000  1000
 9.84526730e+00  1.00405730e-02 -2.47791330e-06  3.13587410e-10 -1.64729210e-14  8.02780270e+02 -2.04838790e+01
 1.10506120e+00  4.14906700e-02 -4.71849530e-05  3.03931780e-08 -8.09186140e-12  2.81546340e+03  2.27870660e+01
HONO2                300  4000  1500
 9.75614800e+00  1.90094700e-03 -3.24001900e-07 -3.97663800e-11  1.10033410e-14 -1.94224400e+04 -2.69002300e+01
 7.87766700e-01  2.38232900e-02 -2.20596400e-05  1.03404850e-08 -1.97285600e-12 -1.63044250e+04  2.10896400e+01
C2H5OOH              300  5000  1000
 8.86549000e+00  1.46991000e-02 -4.66630000e-06  7.03129000e-10 -4.13262000e-14 -2.34663000e+04 -1.74646000e+01
 2.03266000e+00  3.20310000e-02 -1.79773000e-05  2.38766000e-09  1.07206000e-12 -2.15063000e+04  1.82187000e+01
CH3ONO               300  4000  1500
 1.13612890e+01  4.15934900e-03 -4.14567000e-07 -1.69514000e-10  3.02873200e-14 -1.28148150e+04 -3.54543400e+01
 1.49034510e+00  2.64543300e-02 -2.11233100e-05  9.41439900e-09 -1.81120400e-12 -9.12578200e+03  1.81376600e+01
C3H8CO               300  5000  1000
 8.78889470e+00  2.41740100e-02 -8.34464030e-06  1.33766480e-09 -8.22718220e-14 -3.30183670e+04 -1.78194890e+01
 2.73165180e+00  3.58153580e-02 -1.10850160e-05 -4.45162260e-09  2.84358730e-12 -3.10061890e+04  1.49496040e+01
CH3NO2               300  4000  1500
 1.09015790e+01  4.32638100e-03 -4.20354700e-07 -1.89307000e-10  3.41744400e-14 -1.37086180e+04 -3.07318300e+01
 3.22471600e-01  2.66514600e-02 -1.93057300e-05  7.76262000e-09 -1.39874610e-12 -9.59752700e+03  2.72615600e+01
1C4H9                300  5000  1000
 7.04485000e+00  2.53221000e-02 -8.04531000e-06  1.21383000e-09 -7.14512000e-14  5.52642000e+03 -9.13080000e+00
-5.06119000e-01  5.07221000e-02 -3.74398000e-05  1.45966000e-08 -1.90079000e-12  7.19571000e+03  2.83231000e+01
2C4H9                300  5000  1000
 9.17478660e+00  2.15854460e-02 -6.44121340e-06  9.37556810e-10 -5.42898040e-14  3.86668750e+03 -2.10232890e+01
 2.92045330e-02  4.80170620e-02 -3.53442340e-05  1.53350650e-08 -2.80776990e-12  6.38212010e+03  2.60612530e+01
C4H10                300  4000  1500
 1.99878400e+01  1.03728070e-02 -9.61081800e-07 -4.62301700e-10  8.20282800e-14 -2.62557100e+04 -8.83790700e+01
-2.25661800e+00  5.88173200e-02 -4.52578200e-05  2.03711500e-08 -4.07945800e-12 -1.76023300e+04  3.32959500e+01
C3H7OH               300  5000  1000
 7.16746810e+00  2.24666240e-02 -7.62923720e-06  1.20972310e-09 -7.38840750e-14 -3.46867730e+04 -9.53935620e+00
 1.23506930e+00  3.44532840e-02 -1.05891330e-05 -5.48568040e-09  3.51469940e-12 -3.28049380e+04  2.22681480e+01
CH3OO                300  5000  1000
 9.76413000e+00  3.04276000e-03 -4.67054000e-07  3.87833000e-11 -1.39425000e-15 -1.91174000e+03 -2.69241000e+01
 1.48937000e+00  2.40776000e-02 -2.38748000e-05  1.51535000e-08 -4.47557000e-12  7.64340000e+02  1.69852000e+01
C4H8Y                300  5000  1000
 9.30019470e+00  1.98714620e-02 -6.57139750e-06  1.02588880e-09 -6.21603940e-14 -4.66497070e+03 -2.42603000e+01
-2.58697420e-01  4.14754970e-02 -2.13176860e-05  2.79188210e-09  8.57493110e-13 -1.61809580e+03  2.67207180e+01
CH3OOH               300  5000  1000
 6.37596000e+00  1.07372000e-02 -3.68666000e-06  5.88827000e-10 -3.61266000e-14 -1.84341000e+04 -6.12840000e+00
 3.09218000e+00  1.80223000e-02 -7.11862000e-06 -1.47978000e-09  1.45517000e-12 -1.74300000e+04  1.13028000e+01
HNO2                 300  4000  1500
 6.47962900e+00  1.99527400e-03 -1.74038600e-07 -9.69587200e-11  1.70147900e-14 -9.99927100e+03 -1.06728570e+01
 1.93483800e+00  1.01003610e-02 -4.96461600e-06  8.70112100e-10 -2.32413500e-15 -8.10548400e+03  1.47325000e+01
CH3OCO               300  5000  1000
 9.73659000e+00  7.42432000e-03 -2.65641000e-06  4.25031000e-10 -2.51824000e-14 -2.36015000e+04 -2.36353000e+01
 4.16215000e+00  1.38037000e-02 -3.08486000e-07 -4.56430000e-09  1.46909000e-12 -2.10130000e+04  8.64301000e+00
C2H5CHO              300  5000  1000
 7.01077220e+00  1.80134480e-02 -6.22952170e-06  1.00058390e-09 -6.16617220e-14 -2.56914570e+04 -9.54882810e+00
 2.82770230e+00  2.54303650e-02 -6.19132200e-06 -5.02451770e-09  2.67856090e-12 -2.42713480e+04  1.32340890e+01
C2H6CO               300  5000  1000
 5.99759960e+00  1.96790970e-02 -7.01545740e-06  1.15135790e-09 -7.20354160e-14 -2.93626560e+04 -5.52547840e+00
 1.45778270e+00  2.80637150e-02 -9.02185180e-06 -2.45367060e-09  1.67302320e-12 -2.77941040e+04  1.92184540e+01
C2H5O                300  5000  1000
 8.79327000e+00  8.37917000e-03 -1.93446000e-06  2.29371000e-10 -1.13191000e-14 -6.03107000e+03 -2.23324000e+01
-6.00093000e-01  3.17670000e-02 -2.42586000e-05  1.08137000e-08 -2.26856000e-12 -3.08491000e+03  2.73650000e+01
CH3NO                300  4000  1500
 8.82054700e+00  3.70623300e-03 -2.89474000e-07 -1.89791000e-10  3.23754400e-14  5.36286200e+03 -2.21322000e+01
 2.10995500e+00  1.51782160e-02 -7.07178900e-06  1.51061080e-09 -1.60420350e-13  8.29361200e+03  1.56970230e+01
2C2H4OH              300  5000  1000
 7.59440140e+00  9.32293390e-03 -3.03038540e-06  4.32163190e-10 -2.19700390e-14 -5.77278520e+03 -1.39687350e+01
 1.40195080e+00  2.15431750e-02 -2.23265120e-06 -1.44640920e-08  8.04884200e-12 -3.84645190e+03  1.91358180e+01
NO2                  300  5000  1000
 4.68285900e+00  2.46242900e-03 -1.04225850e-06  1.97690200e-10 -1.39171680e-14  2.26129200e+03  9.88598500e-01
 2.67060000e+00  7.83850000e-03 -8.06386400e-06  6.16171400e-09 -2.32015000e-12  2.89629000e+03  1.16120710e+01
2C3H7                300  5000  1000
 6.68634700e+00  1.64684260e-02 -4.79456820e-06  6.86589450e-10 -3.93672520e-14  7.60343360e+03 -1.04921910e+01
 7.67633380e-01  3.08647710e-02 -1.49117970e-05  7.10565990e-10  1.61019460e-12  9.36047750e+03  2.06347220e+01
1C3H7                300  5000  1000
 4.90850000e+00  1.95492000e-02 -6.09862000e-06  9.08986000e-10 -5.30994000e-14  9.72711000e+03  2.41566000e-01
-9.97049000e-01  4.22637000e-02 -3.67683000e-05  1.83985000e-08 -3.66617000e-12  1.08489000e+04  2.87294000e+01
1C2H4OH              300  5000  1000
 6.76654240e+00  1.16344360e-02 -3.77906510e-06  5.38288750e-10 -2.73153450e-14 -5.60929690e+03 -9.39804420e+00
 2.48133280e+00  1.67900360e-02  3.77554990e-06 -1.39234970e-08  6.00951930e-12 -4.01200540e+03  1.45816220e+01
HONO                 300  5000  1000
 5.48689200e+00  4.21806400e-03 -1.64914260e-06  2.97187600e-10 -2.02114800e-14 -1.12686460e+04 -2.99700200e+00
 2.29041300e+00  1.40992230e-02 -1.36787170e-05  7.49878000e-09 -1.87690500e-12 -1.04319450e+04  1.32807690e+01
C3H8                 300  5000  1000
 7.52521700e+00  1.88903400e-02 -6.28392400e-06  9.17937300e-10 -4.81241000e-14 -1.64645480e+04 -1.78439000e+01
 8.96920800e-01  2.66898600e-02  5.43142500e-06 -2.12600000e-08  9.24333000e-12 -1.39549180e+04  1.93553300e+01
HCNN                 300  5000  1000
 5.89462930e+00  3.98959590e-03 -1.59823800e-06  2.92493950e-10 -2.00946860e-14  5.34529460e+04 -5.10300300e+00
 2.52431940e+00  1.59606190e-02 -1.88163540e-05  1.21255400e-08 -3.23573780e-12  5.42619840e+04  1.16758700e+01
cC2H4O               300  5000  1000
 4.31482790e+00  1.38772060e-02 -5.17842320e-06  8.82296460e-10 -5.69212980e-14 -8.68522270e+03 -4.39434050e-01
-9.20335230e-01  2.64219620e-02 -1.34074330e-05  3.13993690e-10  1.42285680e-12 -7.13331400e+03  2.71130310e+01
HCNO                 250  4000  1000
 6.69241200e+00  2.36836000e-03 -2.37151000e-07 -1.27550330e-10  2.40713700e-14  1.69473600e+04 -1.24543450e+01
 3.18485800e+00  9.75231600e-03 -1.28020280e-06 -6.16310400e-09  3.22627500e-12  1.79790700e+04  6.12384300e+00
C2H5OH               300  5000  1000
 5.62516000e+00  1.59916000e-02 -5.36799000e-06  8.43422000e-10 -5.11406000e-14 -3.10498000e+04 -3.61961000e+00
 9.39858000e-01  2.61811000e-02 -9.25134000e-06 -3.45825000e-09  2.62098000e-12 -2.96238000e+04  2.12634000e+01
N2O                  300  5000  1000
 4.71897700e+00  2.87371300e-03 -1.19749580e-06  2.25055100e-10 -1.57533700e-14  8.16581100e+03 -1.65725040e+00
 2.54305700e+00  9.49219300e-03 -9.79277500e-06  6.26384400e-09 -1.90182500e-12  8.76510000e+03  9.51122200e+00
C2H3CHOZ             300  5000  1000
 1.23118860e+01  1.29615880e-02 -6.17746540e-06  1.25014050e-09 -9.11699710e-14 -1.52189510e+04 -4.23031770e+01
 9.31374370e-01  3.55744180e-02 -3.33472640e-05  2.83980340e-08 -1.13956440e-11 -1.06143290e+04  2.10594920e+01
OOH                  300  5000  1000
 4.07219100e+00  2.13129600e-03 -5.30814500e-07  6.11226900e-11 -2.84116400e-15 -1.57972700e+02  3.47602900e+00
 2.97996300e+00  4.99669700e-03 -3.79099700e-06  2.35419200e-09 -8.08902400e-13  1.76227300e+02  9.22272400e+00
CH2CHO               300  5000  1000
 5.97600000e+00  8.13100000e-03 -2.74400000e-06  4.07000000e-10 -2.17600000e-14  4.90300000e+02 -5.04500000e+00
-5.49040000e+01  4.51253000e-01 -1.17037000e-03  1.30375000e-06 -5.19201000e-10  7.54530000e+03  2.51103000e+02
H2O2                 300  5000  1000
 4.57316700e+00  4.33613600e-03 -1.47468880e-06  2.34890300e-10 -1.43165360e-14 -1.80069600e+04  5.01136900e-01
 3.38875300e+00  6.56922600e-03 -1.48501250e-07 -4.62580500e-09  2.47151400e-12 -1.76631400e+04  6.78536300e+00
CH3CO                300  5000  1000
 1.09371840e+01  5.44143490e-04 -1.58658760e-08 -2.31073920e-13  4.62528230e-17 -6.07338090e+03 -3.33421250e+01
 3.85792660e+00  5.40231490e-03  9.49966670e-06 -9.34900250e-09  2.06671940e-12 -2.67119410e+03  8.54330640e+00
NCO                  300  5000  1000
 5.01204500e+00  2.62677300e-03 -1.10824330e-06  2.09386000e-10 -1.46034700e-14  1.73718500e+04 -1.83007500e+00
 2.83032000e+00  8.87149000e-03 -8.94563600e-06  5.87691800e-09 -1.90773400e-12  1.80054300e+04  9.49883100e+00
CH3O                 300  5000  1000
 6.45804000e+00  3.22182000e-03 -5.09801000e-07  4.41966000e-11 -1.69366000e-15 -8.23233000e+02 -1.22475000e+01
 2.40571000e-01  1.87747000e-02 -2.13180000e-05  1.81151000e-08 -6.61230000e-12  1.35827000e+03  2.11815000e+01
O2                   300  5000  1000
 3.69757800e+00  6.13519700e-04 -1.25884200e-07  1.77528100e-11 -1.13643540e-15 -1.23393010e+03  3.18916500e+00
 3.21293600e+00  1.12748640e-03 -5.75615000e-07  1.31387730e-09 -8.76855400e-13 -1.00524900e+03  6.03473700e+00
CH3CHO               300  5000  1000
 5.86900000e+00  1.07940000e-02 -3.64600000e-06  5.41300000e-10 -2.89700000e-14 -2.26500000e+04 -6.01300000e+00
-5.97842000e+01  4.89059000e-01 -1.27143000e-03  1.42135000e-06 -5.67547000e-10 -1.52478000e+04  2.71669000e+02
HNO                  300  5000  1000
 3.61514400e+00  3.21248500e-03 -1.26033700e-06  2.26729700e-10 -1.53623580e-14  1.06619110e+04  4.81026300e+00
 2.78440200e+00  6.60964600e-03 -9.30022300e-06  9.43798000e-09 -3.75314600e-12  1.09187790e+04  9.03562900e+00
C                    300  5000  1000
 2.60208700e+00 -1.78708100e-04  9.08704100e-08 -1.14993300e-11  3.31084400e-16  8.54215400e+04  4.19517700e+00
 2.49858500e+00  8.08577700e-05 -2.69769700e-07  3.04072900e-10 -1.10665200e-13  8.54587800e+04  4.75345900e+00
CHCO                 300  5000  1000
 6.75807300e+00  2.00040000e-03 -2.02760700e-07 -1.04113200e-10  1.96516500e-14  1.90151300e+04 -9.07126200e+00
 5.04796500e+00  4.45347800e-03  2.26828300e-07 -1.48209500e-09  2.25074200e-13  1.96589200e+04  4.81843900e-01
CO2H                 300  5000  1000
 2.89818500e+00  6.85171600e-03  1.01662070e-06 -4.89451550e-09  2.08695970e-12 -2.43741130e+04  1.20581910e+01
 5.20004890e+00  3.34572700e-03 -6.66954460e-07  7.19881310e-11 -3.39808890e-15 -2.51853460e+04 -6.27658840e-01
HOCN                 250  4000  1000
 5.64560700e+00  2.29820600e-03 -2.16262900e-07 -1.21480140e-10  2.23863600e-14 -3.17810900e+03 -3.59026300e+00
 3.62829200e+00  5.66418400e-03 -1.17020560e-07 -2.34863800e-09  8.01640200e-13 -2.47592500e+03  7.47682500e+00
C2H5                 300  5000  1000
 7.19048000e+00  6.48407700e-03 -6.42806400e-07 -2.34787900e-10  3.88087700e-14  1.06745490e+04 -1.47808920e+01
 2.69070100e+00  8.71913300e-03  4.41983800e-06  9.33870300e-10 -3.92777300e-12  1.28704040e+04  1.21381950e+01
C2H                  300  5000  1000
 4.04374930e+00  3.61233550e-03 -9.59460290e-07  1.27933720e-10 -6.95266120e-15  6.59479610e+04  1.97035220e+00
 1.77181960e+00  1.70701460e-02 -2.00735900e-05  8.87795260e-09 -8.33041590e-13  6.58400780e+04  1.10533920e+01
CH2OH                300  5000  1000
 5.93323140e+00  3.61905010e-03 -6.17527520e-07  5.90836340e-11 -2.56986200e-15 -3.61820650e+03 -6.17330550e+00
 2.19664240e+00  1.29632020e-02 -1.28443800e-05  9.91455980e-09 -3.22312250e-12 -2.29783420e+03  1.39273870e+01
CH                   300  5000  1000
 2.19622300e+00  2.34038100e-03 -7.05820100e-07  9.00758200e-11 -3.85504000e-15  7.08672300e+04  9.17837300e+00
 3.20020200e+00  2.07287500e-03 -5.13443100e-06  5.73389000e-09 -1.95553300e-12  7.04525900e+04  3.33158700e+00
C2H6                 300  4000  1000
 4.82593800e+00  1.38404290e-02 -4.55725800e-06  6.72496700e-10 -3.59816100e-14 -1.27177930e+04 -5.23950600e+00
 1.46253880e+00  1.54946670e-02  5.78050700e-06 -1.25783190e-08  4.58626700e-12 -1.12391760e+04  1.44322950e+01
C2H3                 300  5000  1000
 5.05883600e+00  5.40125560e-03 -1.21193580e-06  1.42714060e-10 -7.12726560e-15  3.37216950e+04 -3.00214770e+00
 1.23165540e+00  1.46593540e-02 -9.51360200e-06  3.64669490e-09 -6.26403390e-13  3.49349100e+04  1.73146400e+01
CH2CO                300  5000  1000
 5.35267000e+00  6.94209000e-03 -2.50061000e-06  4.13231000e-10 -2.59692000e-14 -7.81007000e+03 -3.80283000e+00
 2.99539000e+00  1.23540000e-02 -4.06499000e-06 -3.34608000e-09  2.24152000e-12 -7.15097000e+03  8.53716000e+00
NNH                  250  4000  1000
 4.41534200e+00  1.61438790e-03 -1.63289430e-07 -8.55984600e-11  1.61479090e-14  2.78802900e+04  9.04288800e-01
 3.50134400e+00  2.05358600e-03  7.17040900e-07  4.92134800e-10 -9.67117000e-13  2.83334700e+04  6.39183700e+00
H2CN                 300  4000  1000
 5.20970300e+00  2.96929100e-03 -2.85558900e-07 -1.63555040e-10  3.04325900e-14  2.76771100e+04 -4.44447800e+00
 2.85166100e+00  5.69523300e-03  1.07114030e-06 -1.62261200e-09 -2.35110800e-13  2.86378200e+04  8.99275100e+00
CH3OH                300  5000  1000
 4.02906100e+00  9.37659300e-03 -3.05025400e-06  4.35879300e-10 -2.22472300e-14 -2.61579100e+04  2.37819500e+00
 2.66011500e+00  7.34150800e-03  7.17005000e-06 -8.79319400e-09  2.39057000e-12 -2.53534800e+04  1.12326310e+01
N4S                  300  5000  1000
 2.45026800e+00  1.06614580e-04 -7.46533700e-08  1.87965200e-11 -1.02598390e-15  5.61160400e+04  4.44875800e+00
 2.50307100e+00 -2.18001800e-05  5.42052900e-08 -5.64756000e-11  2.09990400e-14  5.60989000e+04  4.16756600e+00
N2D                  300  5000  1000
 4.00032334e+00 -3.86781550e-07  1.76714847e-10 -3.50270212e-14  2.53528489e-18  8.33498300e+04  4.04562956e+00
 4.00284490e+00 -1.39229217e-05  2.72695915e-08 -2.40314621e-11  7.93102064e-15  8.33495069e+04  4.03430933e+00
CN                   300  5000  1000
 3.72011900e+00  1.51835060e-04  1.98738100e-07 -3.79837100e-11  1.32822960e-15  5.11162600e+04  2.88859700e+00
 3.66320400e+00 -1.15652900e-03  2.16340900e-06  1.85420800e-10 -8.21469500e-13  5.12811800e+04  3.73901500e+00
1CH2                 300  5000  1000
 3.55288900e+00  2.06678800e-03 -1.91411600e-07 -1.10467300e-10  2.02135000e-14  4.98497500e+04  1.68657000e+00
 3.97126500e+00 -1.69908900e-04  1.02536900e-06  2.49255100e-09 -1.98126600e-12  4.98936800e+04  5.75320700e-02
HNCO                 300  4000  1000
 6.21186700e+00  2.29713700e-03 -2.21612800e-07 -1.22204380e-10  2.27240600e-14 -1.47707250e+04 -8.01663300e+00
 3.69405900e+00  6.65723600e-03 -5.05446800e-08 -3.47341100e-09  1.36056940e-12 -1.39197580e+04  5.71274200e+00
NO                   300  5000  1000
 3.24543500e+00  1.26913830e-03 -5.01589000e-07  9.16928300e-11 -6.27541900e-15  9.80084000e+03  6.41729300e+00
 3.37654100e+00  1.25306340e-03 -3.30275000e-06  5.21781000e-09 -2.44626200e-12  9.81796100e+03  5.82959000e+00
O3P                  300  5000  1000
 2.54205900e+00 -2.75506100e-05 -3.10280300e-09  4.55106700e-12 -4.36805100e-16  2.92308000e+04  4.92030800e+00
 2.94642800e+00 -1.63816650e-03  2.42103100e-06 -1.60284310e-09  3.89069600e-13  2.91476400e+04  2.96399500e+00
O1D                  200  6000  1000
 2.49368475e+00  1.37617903e-05 -1.00401058e-08  2.76012182e-12 -2.01597513e-16  5.19986304e+04  4.65050950e+00
 2.49993786e+00  1.71935346e-07 -3.45215267e-10  3.71342028e-13 -1.70964494e-16  5.19965317e+04  4.61684555e+00
C2H4                 300  5000  1000
 3.52841800e+00  1.14851850e-02 -4.41838500e-06  7.84460000e-10 -5.26684800e-14  4.42828800e+03  2.23038900e+00
-8.61488000e-01  2.79616200e-02 -3.38867700e-05  2.78515200e-08 -9.73787900e-12  5.57304600e+03  2.42114800e+01
NH                   300  5000  1000
 2.76024900e+00  1.37534630e-03 -4.45191400e-07  7.69279100e-11 -5.01759200e-15  4.20782800e+04  5.85719900e+00
 3.33975800e+00  1.25300860e-03 -3.49164500e-06  4.21881200e-09 -1.55761790e-12  4.18504700e+04  2.50718000e+00
3CH2                 300  5000  1000
 3.63640800e+00  1.93305700e-03 -1.68701600e-07 -1.00989900e-10  1.80825600e-14  4.53413400e+04  2.15656100e+00
 3.76223700e+00  1.15981900e-03  2.48958500e-07  8.80083600e-10 -7.33243500e-13  4.53679100e+04  1.71257800e+00
HCO                  300  5000  1000
 3.60940910e+00  2.87452620e-03 -9.87888140e-07  1.58403230e-10 -9.77351760e-15  3.23210350e+03  5.43047140e+00
 3.53402730e+00  2.02347310e-03  5.18340810e-07 -3.72460760e-10 -6.08028570e-14  3.37385740e+03  6.23884010e+00
C2H2                 300  5000  1000
 4.43677000e+00  5.37603900e-03 -1.91281600e-06  3.28637900e-10 -2.15670900e-14  2.56676600e+04 -2.80033800e+00
 2.01356200e+00  1.51904460e-02 -1.61631890e-05  9.07899200e-09 -1.91274600e-12  2.61244400e+04  8.80537800e+00
H2CO                 300  5000  1000
 2.91430000e+00  6.64407000e-03 -2.45282000e-06  4.12836000e-10 -2.63040000e-14 -1.52827000e+04  7.43680000e+00
 2.41049000e+00  7.02041000e-03 -4.22947000e-06  4.40116000e-09 -2.12647000e-12 -1.49519000e+04  1.06246000e+01
NH2                  300  5000  1000
 2.96131100e+00  2.93269900e-03 -9.06360000e-07  1.61725750e-10 -1.20420030e-14  2.19197600e+04  5.77787800e+00
 3.43249300e+00  3.29954000e-03 -6.61360000e-06  8.59094700e-09 -3.57204600e-12  2.17722700e+04  3.09011000e+00
CO2                  300  5000  1000
 4.45362300e+00  3.14016800e-03 -1.27841050e-06  2.39399600e-10 -1.66903330e-14 -4.89669600e+04 -9.55395900e-01
 2.27572400e+00  9.92207200e-03 -1.04091130e-05  6.86668600e-09 -2.11728000e-12 -4.83731400e+04  1.01884880e+01
OH                   300  5000  1000
 2.88273000e+00  1.01397430e-03 -2.27687700e-07  2.17468300e-11 -5.12630500e-16  3.88688800e+03  5.59571200e+00
 3.63726600e+00  1.85091000e-04 -1.67616460e-06  2.38720200e-09 -8.43144200e-13  3.60678100e+03  1.35886050e+00
CH3                  300  5000  1000
 2.84405100e+00  6.13797400e-03 -2.23034500e-06  3.78516100e-10 -2.45215900e-14  1.64378090e+04  5.45269700e+00
 2.43044200e+00  1.11240990e-02 -1.68022000e-05  1.62182880e-08 -5.86495200e-12  1.64237810e+04  6.78979400e+00
HCN                  300  5000  1000
 3.65007700e+00  3.46099800e-03 -1.27427880e-06  2.21765500e-10 -1.47717740e-14  1.49839160e+04  2.39322000e+00
 2.49046200e+00  8.61128000e-03 -1.03103420e-05  7.48149800e-09 -2.22910900e-12  1.52083440e+04  7.90498100e+00
NH3                  300  5000  1000
 2.46190400e+00  6.05916600e-03 -2.00497600e-06  3.13600300e-10 -1.93831700e-14 -6.49326900e+03  7.47209700e+00
 2.20435100e+00  1.01147650e-02 -1.46526480e-05  1.44723500e-08 -5.32850900e-12 -6.52548800e+03  8.12713800e+00
CH4                  300  5000  1000
 1.68347800e+00  1.02372360e-02 -3.87512800e-06  6.78558500e-10 -4.50342300e-14 -1.00807870e+04  9.62339500e+00
 7.78741500e-01  1.74766800e-02 -2.78340900e-05  3.04970800e-08 -1.22393070e-11 -9.82522900e+03  1.37221950e+01
N2                   300  5000  1000
 2.92664000e+00  1.48797680e-03 -5.68476000e-07  1.00970380e-10 -6.75335100e-15 -9.22797700e+02  5.98052800e+00
 3.29867700e+00  1.40824040e-03 -3.96322200e-06  5.64151500e-09 -2.44485400e-12 -1.02089990e+03  3.95037200e+00
CO                   300  5000  1000
 3.02507800e+00  1.44268850e-03 -5.63082700e-07  1.01858130e-10 -6.91095100e-15 -1.42683500e+04  6.10821700e+00
 3.26245100e+00  1.51194090e-03 -3.88175500e-06  5.58194400e-09 -2.47495100e-12 -1.43105390e+04  4.84889700e+00
H2O                  300  5000  1000
 2.67214500e+00  3.05629300e-03 -8.73026000e-07  1.20099640e-10 -6.39161800e-15 -2.98992100e+04  6.86281700e+00
 3.38684200e+00  3.47498200e-03 -6.35469600e-06  6.96858100e-09 -2.50658800e-12 -3.02081100e+04  2.59023200e+00
H                    300  5000  1000
 2.50000000e+00  0.00000000e+00  0.00000000e+00  0.00000000e+00  0.00000000e+00  2.54716200e+04 -4.60117600e-01
 2.50000000e+00  0.00000000e+00  0.00000000e+00  0.00000000e+00  0.00000000e+00  2.54716200e+04 -4.60117600e-01
He                   300  5000  1000
 2.50000000e+00  0.00000000e+00  0.00000000e+00  0.00000000e+00  0.00000000e+00 -7.45375000e+02  9.15348900e-01
 2.50000000e+00  0.00000000e+00  0.00000000e+00  0.00000000e+00  0.00000000e+00 -7.45375000e+02  9.15348800e-01
H2                   300  5000  1000
 2.99142300e+00  7.00064400e-04 -5.63382800e-08 -9.23157800e-12  1.58275190e-15 -8.35034000e+02 -1.35511010e+00
 3.29812400e+00  8.24944100e-04 -8.14301500e-07 -9.47543400e-11  4.13487200e-13 -1.01252090e+03 -3.29409400e+00
N2O4                 300  5000  1000
 1.04822010e+01  5.97227200e-03 -2.56404300e-06  4.91688500e-10 -3.49096900e-14 -2.84998800e+03 -2.61228900e+01
 3.62459200e+00  2.47470800e-02 -2.17287400e-05  9.92710300e-09 -2.22281700e-12 -9.12824100e+02  9.45717400e+00
N2O3                 200  6000  1000
 9.08583845e+00  3.37756330e-03 -1.31583890e-06  2.30762329e-10 -1.47151267e-14  7.27160146e+03 -1.55361904e+01
 5.81083964e+00  1.43330962e-02 -1.96208597e-05  1.73060735e-08 -6.46553954e-12  8.19184453e+03  1.20461321e+00
N2H2                 300  5000  1000
 3.37118500e+00  6.03996800e-03 -2.30385300e-06  4.06278900e-10 -2.71314400e-14  2.41817200e+04  4.98058500e+00
 1.61799940e+00  1.30631220e-02 -1.71571100e-05  1.60560790e-08 -6.09363800e-12  2.46752600e+04  1.37946700e+01
N2H3                 300  5000  1000
 4.44184600e+00  7.21427000e-03 -2.49568400e-06  3.92056400e-10 -2.29894900e-14  1.66422110e+04 -4.27520400e-01
 3.17420300e+00  4.71590700e-03  1.33486710e-05 -1.91968400e-08  7.48756300e-12  1.72726900e+04  7.55722400e+00
N2H4                 300  5000  1000
 4.97731700e+00  9.59551900e-03 -3.54763900e-06  6.12429900e-10 -4.02979500e-14  9.34121900e+03 -2.96298900e+00
 6.44260500e-02  2.74972900e-02 -2.89945100e-05  1.74523900e-08 -4.42228200e-12  1.04519170e+04  2.12778900e+01
HNNO                 300  4000  1500
 6.99121700e+00  1.87597000e-03 -2.12458400e-07 -6.71047200e-11  1.23050800e-14  2.49756600e+04 -1.12352290e+01
 2.23829800e+00  1.35919970e-02 -1.17987280e-05  5.39297000e-09 -1.01085890e-12  2.66025800e+04  1.41367890e+01
HNOH                 300  4000  1500
 6.39613400e+00  1.82106700e-03 -1.87089100e-07 -7.84447100e-11  1.44485550e-14  7.85961500e+03 -1.04047850e+01
 2.12527400e+00  1.06628180e-02 -7.60258800e-06  3.08164100e-09 -5.72649800e-13  9.55354400e+03  1.30967180e+01
HNO3                 300  5000  1000
 7.00384400e+00  5.81149300e-03 -2.33378800e-06  4.28881400e-10 -2.95938500e-14 -1.88995200e+04 -1.04786280e+01
 1.35318500e+00  2.22002400e-02 -1.97881100e-05  8.77390800e-09 -1.65838440e-12 -1.73856200e+04  1.85186800e+01
NH2OH                200  6000  1000
 3.98241375e+00  7.99825642e-03 -2.74883544e-06  4.22874218e-10 -2.42498273e-14 -6.44279418e+03  3.22666600e+00
 2.67285464e+00  1.13645347e-02 -4.92179546e-06 -9.18041765e-11  6.06669407e-13 -6.08956846e+03  1.00068112e+01
H2NO                 300  4000  1500
 5.67334600e+00  2.29883600e-03 -1.77444500e-07 -1.10348180e-10  1.85976200e-14  5.56932500e+03 -6.15354000e+00
 2.53058900e+00  8.59603500e-03 -5.47103000e-06  2.27624900e-09 -4.64807300e-13  6.86803000e+03  1.12665060e+01
CNN                  300  5000  1000
 4.78593000e+00  2.55955300e-03 -1.00313260e-06  1.80714800e-10 -1.22738270e-14  6.87041100e+04 -2.95395700e-01
 3.52443600e+00  7.27192300e-03 -8.27269800e-06  5.62870400e-09 -1.64157590e-12  6.89964700e+04  5.93244400e+00
H2CNO                300  4000  1500
 8.48563900e+00  2.63327700e-03 -3.01749800e-07 -8.34191600e-11  1.59397730e-14  1.71643400e+04 -2.05215600e+01
 1.04585590e+00  2.12649300e-02 -1.96275300e-05  9.65959200e-09 -1.94106800e-12  1.97461100e+04  1.91971800e+01
C2N2                 300  5000  1000
 6.54800200e+00  3.98470700e-03 -1.63421640e-06  3.03859600e-10 -2.11106900e-14  3.49071600e+04 -9.73579000e+00
 4.26545900e+00  1.19225690e-02 -1.34201420e-05  9.19229700e-09 -2.77894100e-12  3.54788700e+04  1.71321200e+00
HCNH                 300  4000  1000
 4.92329200e+00  3.33289700e-03 -3.37089600e-07 -1.90161900e-10  3.53182500e-14  3.13266900e+04 -1.63250880e+00
 2.75945600e+00  6.10338600e-03  7.71314900e-07 -2.06309300e-09  1.93191900e-13  3.21724700e+04  1.05748950e+01
AR                   300  5000  1000
 2.50000000e+00  0.00000000e+00  0.00000000e+00  0.00000000e+00  0.00000000e+00 -7.45375000e+02  4.36600000e+00
 2.50000000e+00  0.00000000e+00  0.00000000e+00  0.00000000e+00  0.00000000e+00 -7.45375000e+02  4.36600000e+00
HNC                  300  5000  1500
 5.28346400e+00  1.09247600e-03 -1.17086500e-07 -2.30867200e-11  3.95067300e-15  2.16142302e+04 -6.38821800e+00
 3.59237700e+00  5.56134000e-03 -5.93682300e-06  3.78232900e-09 -9.36509200e-13  2.22826802e+04  2.73216000e+00
HON                  300  5000  1671
 3.78577430e+00  2.86062728e-03 -1.02423922e-06  1.64463139e-10 -9.77943616e-15  2.93319701e+04  3.12193293e+00
 3.33656431e+00  2.67682939e-03  5.61801303e-07 -1.11362279e-09  2.84076438e-13  2.95979751e+04  5.96343188e+00
NCN                  300  4000  1500
 6.65212000e+00  6.10803400e-04 -1.38972660e-07  2.69554900e-12  1.66994390e-15  5.17240300e+04 -1.13851660e+01
 3.10127000e+00  9.98167400e-03 -9.92070100e-06  4.75891900e-09 -8.96862600e-13  5.28575700e+04  7.31757900e+00
aC3H4                300  5000  1000
 6.10415280e+00  1.13833900e-02 -4.03684000e-06  6.62473520e-10 -4.15767040e-14  2.03720970e+04 -9.70453180e+00
 1.12199900e+00  2.41315760e-02 -1.46200230e-05  3.34716410e-09  9.08834780e-14  2.18102210e+04  1.63263610e+01
pC3H4                300  5000  1000
 5.96553670e+00  1.13269200e-02 -3.96639330e-06  6.44392980e-10 -4.01195770e-14  1.96645990e+04 -8.26148470e+00
 2.06190180e+00  2.05996860e-02 -1.05565810e-05  1.34533470e-09  4.79995330e-13  2.08493220e+04  1.23625220e+01
C4H2                 300  5000  1000
 9.03140700e+00  6.04725200e-03 -1.94878800e-06  2.75486300e-10 -1.38560800e-14  5.29473500e+04 -2.38506700e+01
 4.00519100e+00  1.98100000e-02 -9.86587700e-06 -6.63515800e-09  6.07741300e-12  5.42406500e+04  1.84573600e+00
C4H4                 300  5000  1000
 6.33592320e+00  1.51220390e-02 -5.72265390e-06  9.82675050e-10 -6.36381680e-14  3.39155600e+04 -7.33579750e+00
 1.51924670e+00  2.99647520e-02 -1.94559490e-05  3.98373200e-09  6.42563480e-13  3.49971410e+04  1.67836570e+01
12C4H6               300  5000  1000
 8.84176160e+00  1.58439170e-02 -5.32888320e-06  8.38874750e-10 -5.09560420e-14  1.53580180e+04 -2.15692410e+01
 1.31610990e+00  3.27816900e-02 -1.73679840e-05  3.15490540e-09  2.44415250e-13  1.77897360e+04  1.86520390e+01
13C4H6               300  5000  1000
 8.05184560e+00  1.75408890e-02 -6.17606570e-06  1.00476560e-09 -6.24795420e-14  9.56979490e+03 -1.86117100e+01
-2.92244730e-01  3.87252010e-02 -1.67067190e-05 -8.10809020e-09  6.74215410e-12  1.17492360e+04  2.44447020e+01
1C4H6                300  5000  1000
 8.31479280e+00  1.65023150e-02 -5.63127970e-06  8.99076200e-10 -5.53412360e-14  1.60299180e+04 -1.86314260e+01
 1.47751750e+00  3.30414320e-02 -1.81985470e-05  3.29132210e-09  4.17838530e-13  1.80940270e+04  1.74276050e+01
2C4H6                300  5000  1000
 8.62662040e+00  1.55367210e-02 -5.12988570e-06  8.00303710e-10 -4.84877840e-14  1.34369370e+04 -2.15749890e+01
 1.94849460e+00  2.82191690e-02 -1.18154860e-05  1.18044170e-09  2.52652420e-13  1.58471100e+04  1.50142250e+01
iC4H8                300  5000  1000
 1.02335440e+01  1.84123110e-02 -5.91749490e-06  9.05123030e-10 -5.40647210e-14 -6.99659080e+03 -3.07970350e+01
 8.72092900e-01  3.83495320e-02 -1.88256670e-05  2.73737210e-09  4.33987260e-13 -3.85669920e+03  1.96536830e+01
C5H8                 300  5000  1000
 1.16709920e+01  2.38781160e-02 -8.87986880e-06  1.50700040e-09 -9.68335110e-14  2.96068750e+03 -3.83880650e+01
 3.67351530e+00  3.19013740e-02 -4.07540570e-06 -4.48399230e-09  1.03731150e-12  6.61596730e+03  8.14451220e+00
iC5H8                300  5000  1000
 1.07596690e+01  2.23700140e-02 -7.71850960e-06  1.24094450e-09 -7.66999310e-14  4.21521290e+03 -3.15306630e+01
-2.95503500e-01  5.30583560e-02 -3.41725060e-05  6.87926830e-09  1.08420180e-12  7.10244920e+03  2.52047500e+01
cC5H6                300  5000  1350
 1.03750320e+01  1.86971170e-02 -6.72244140e-06  1.11371880e-09 -7.03483160e-14  1.10543100e+04 -3.47974630e+01
 2.98258100e-01  4.14836150e-02 -2.23484570e-05  2.69612930e-09  1.10384530e-12  1.43420230e+04  1.90391460e+01
cC6H6                300  5000  1315
 8.74520420e+00  2.40077800e-02 -8.98179680e-06  1.52909670e-09 -9.83815550e-14  5.30386960e+03 -2.67564900e+01
-4.60981370e+00  5.87422890e-02 -3.65577330e-05  5.98004620e-09  1.65499680e-12  9.02951860e+03  4.26359560e+01
C7H8                 300  5000  1150
 1.19231880e+01  2.89345400e-02 -1.06447160e-05  1.79063900e-09 -1.14231500e-13 -3.64710870e+02 -4.12695590e+01
-4.85775610e+00  7.01245370e-02 -4.32117450e-05  9.22911880e-09  5.54345520e-13  4.68518020e+03  4.70975490e+01
cC5H4O               300  5000  1000
 1.47719810e+01  8.59433333e-03 -1.39533333e-06  0.00000000e+00  0.00000000e+00  2.14058390e+02 -5.70838700e+01
-4.00879600e+00  6.06742500e-02 -5.52271933e-05  2.48997029e-08 -4.36698246e-12  5.54730158e+03  4.02769996e+01
C3H2                 300  5000  1000
 6.53085300e+00  5.87031600e-03 -1.72077600e-06  2.12749800e-10 -8.29191000e-15  5.11521300e+04 -1.12272780e+01
 2.69107700e+00  1.48036640e-02 -3.25055100e-06 -8.64436300e-09  5.28487700e-12  5.21907200e+04  8.75739100e+00
C2H3CHO              300  5000  1000
 1.22178250e+01  1.29615880e-02 -6.17746540e-06  1.25014050e-09 -9.11699710e-14 -1.51248860e+04 -4.16534370e+01
 9.31374370e-01  3.55744180e-02 -3.33472640e-05  2.83980340e-08 -1.13956440e-11 -1.06143290e+04  2.10594920e+01
cC3H4                300  5000  1000
 6.50296500e+00  1.11035930e-02 -3.95049390e-06  6.49199030e-10 -4.07510840e-14  3.02561430e+04 -1.20888600e+01
 1.30292320e+00  2.29853630e-02 -1.19886420e-05  1.31756470e-09  6.35206240e-13  3.18923980e+04  1.55772820e+01
cC3H6                300  5000  1000
 4.69435880e+00  1.90429410e-02 -7.05091450e-06  1.19230790e-09 -7.63855800e-14  3.62253120e+03 -5.00236510e+00
-3.15403990e+00  3.97986100e-02 -2.36758640e-05  3.68003760e-09  1.13061610e-12  5.77141160e+03  3.56382640e+01
tC4H4                300  5000  1000
 8.67126390e+00  1.16623200e-02 -4.10495340e-06  6.69399700e-10 -4.17884080e-14  3.43339040e+04 -2.02739530e+01
 2.14471550e+00  2.77530360e-02 -1.64768120e-05  2.92142510e-09  5.13877240e-13  3.62649080e+04  1.40154680e+01
C6H2                 300  5000  1000
 1.27565190e+01  8.03438100e-03 -2.61821500e-06  3.72506000e-10 -1.87885000e-14  8.07546900e+04 -4.04126200e+01
 5.75108500e+00  2.63671900e-02 -1.16675960e-05 -1.07144980e-08  8.79029700e-12  8.26201200e+04 -4.33553200e+00
cC4H6                300  5000  1000
 8.95631360e+00  1.74556650e-02 -6.36103820e-06  1.06355680e-09 -6.75944290e-14  2.50131890e+04 -2.41222830e+01
-2.38887790e-01  3.93458080e-02 -2.20486070e-05  2.90830340e-09  1.08028640e-12  2.78017460e+04  2.44476740e+01
lC6H4                300  5000  1000
 1.27152090e+01  1.38396620e-02 -4.37654400e-06  3.15416360e-10  4.66190260e-14  5.70310610e+04 -3.94646000e+01
 2.95902250e-01  5.80533180e-02 -6.77667560e-05  4.33767620e-08 -1.14188640e-11  6.00013710e+04  2.23189700e+01
lC6H8                300  5000  1000
 1.43265650e+01  2.23553050e-02 -7.84420170e-06  1.27688600e-09 -7.96417920e-14  6.55546110e+03 -5.53247960e+01
-1.96812830e+00  6.48691800e-02 -4.27246270e-05  8.63224960e-09  1.22623840e-12  1.11200090e+04  2.93830380e+01
cC6H8                300  5000  1000
 1.43265650e+01  2.23553050e-02 -7.84420170e-06  1.27688600e-09 -7.96417920e-14  6.55546110e+03 -5.53247960e+01
-1.96812830e+00  6.48691800e-02 -4.27246270e-05  8.63224960e-09  1.22623840e-12  1.11200090e+04  2.93830380e+01
cC6H10               300  5000  1000
 1.10123580e+01  3.25949970e-02 -1.20117710e-05  2.02311150e-09 -1.29178930e-13 -6.74919710e+03 -3.80376820e+01
-6.43860050e+00  7.75187390e-02 -4.85301130e-05  9.78413970e-09  1.15535210e-12 -1.78449120e+03  5.29365580e+01
cC8H10               300  5000  1000
 1.70642090e+01  2.81088000e-02 -9.28469490e-06  1.44577050e-09 -8.73110040e-14 -6.40964640e+03 -6.80265070e+01
-3.10237670e+00  7.27352570e-02 -3.99506130e-05  6.69471810e-09  8.69788510e-13  1.62027470e+02  3.99969100e+01
iC3H7                300  5000  1000
 8.67077640e+00  1.34243510e-02 -3.52329110e-06  4.62887090e-10 -2.47450970e-14  7.17326660e+03 -2.17194820e+01
 4.36046450e-01  3.33858020e-02 -2.16413900e-05  8.23267410e-09 -1.38159820e-12  9.79556050e+03  2.20109020e+01
C3H3                 300  5000  1000
 7.81167850e+00  5.61433330e-03 -1.27910880e-06  1.52699740e-10 -7.71610590e-15  3.80244850e+04 -1.65933140e+01
 1.91262610e+00  2.37303820e-02 -2.37435140e-05  1.39034550e-08 -3.51106230e-12  3.96166290e+04  1.35643020e+01
C3H5                 300  5000  1000
 8.45883958e+00  1.12695483e-02 -3.83792864e-06  5.94059119e-10 -3.43918030e-14  1.63576092e+04 -2.25809450e+01
-5.29131958e-01  3.34559100e-02 -2.53401027e-05  1.02865754e-08 -1.73258340e-12  1.93834226e+04  2.53067131e+01
C3H6Y                300  5000  1000
 5.00264930e+00  1.76389930e-02 -6.22663080e-06  1.01514330e-09 -6.32359770e-14 -2.70561520e+02 -2.47234340e+00
 5.55982830e-01  2.70915310e-02 -1.07521040e-05 -9.75392100e-10  1.43147210e-12  1.15701900e+03  2.13441730e+01
1C3H5                300  4000  1000
 7.26761830e+00  9.95842090e-03 -2.45575300e-06  3.05401180e-10 -1.55593210e-14  2.75231740e+04 -1.28718000e+01
 1.21738980e+00  2.43436550e-02 -1.70271470e-05  9.02195920e-09 -2.49572870e-12  2.95548110e+04  1.95366840e+01
2C3H5                300  4000  1000
 7.85362050e+00  9.57483520e-03 -2.38177310e-06  3.03280150e-10 -1.60030820e-14  2.82400100e+04 -1.66147860e+01
 3.77936210e-01  3.02345470e-02 -2.74635510e-05  1.71045860e-08 -4.91955830e-12  3.05268160e+04  2.25320420e+01
nC4H3                300  5000  1000
 8.15944940e+00  8.45333000e-03 -2.25541410e-06  3.01411670e-10 -1.63877940e-14  6.24148060e+04 -1.55393320e+01
 1.35561200e+00  3.28203660e-02 -3.51093660e-05  2.06363210e-08 -5.06054360e-12  6.39115470e+04  1.80025880e+01
iC4H3                300  5000  1000
 1.13140970e+01  5.01441400e-03 -5.35044500e-07 -2.82530900e-10  5.40327900e-14  5.18121170e+04 -3.06243520e+01
 6.54579900e+00  1.24247700e-02  5.60322600e-07 -5.63114100e-09  1.66521800e-12  5.35250300e+04 -4.26408200e+00
nC4H5                300  5000  1000
 8.77244400e+00  1.26763050e-02 -3.59771590e-06  5.03476980e-10 -2.82907820e-14  3.85293770e+04 -1.99706400e+01
-1.11098060e+00  4.65973240e-02 -4.58651160e-05  2.37673670e-08 -5.06237500e-12  4.07322700e+04  2.90182110e+01
iC4H5                300  5000  1040
 9.05449980e+00  1.29567000e-02 -3.72000000e-06  3.33333333e-10 -0.00000000e+00  3.34113130e+04 -2.25461650e+01
 4.12679000e-01  3.52968000e-02 -2.27193000e-05  5.62976000e-09  0.00000000e+00  3.58921400e+04  2.25435540e+01
13C4H5               300  5000  1000
 9.78345810e+00  1.08644920e-02 -2.84747490e-06  3.76317060e-10 -2.03449540e-14  3.40971750e+04 -2.46366810e+01
 2.16352870e+00  3.11859360e-02 -2.32029980e-05  9.79141570e-09 -1.78143510e-12  3.63400000e+04  1.51581500e+01
14C4H5               300  5000  1000
 1.02402530e+01  1.02477630e-02 -2.60920840e-06  3.36543960e-10 -1.78358030e-14  3.98549920e+04 -2.68962270e+01
 5.64574600e-01  4.23669330e-02 -4.69846710e-05  3.07572630e-08 -8.50658350e-12  4.23554770e+04  2.19915010e+01
21C4H5               300  5000  1000
 1.03565700e+01  9.68464460e-03 -2.37205520e-06  2.98074400e-10 -1.55563890e-14  3.28149310e+04 -2.80886960e+01
 1.11408690e+00  3.70019600e-02 -3.93027990e-05  2.73545330e-08 -8.21610310e-12  3.55850000e+04  1.99354900e+01
lC6H5                300  5000  1000
 1.58853890e+01  1.03650260e-02 -2.62490970e-06  3.37735310e-10 -1.78956280e-14  6.42638390e+04 -5.62855050e+01
-6.91344560e-01  6.05435450e-02 -5.68359170e-05  2.51535060e-08 -4.22444460e-12  6.84590160e+04  2.79292110e+01
lC6H7                300  5000  1000
 1.60836670e+01  1.46528450e-02 -3.92463020e-06  5.26682480e-10 -2.87577440e-14  4.22502080e+04 -5.74045640e+01
-1.89885320e+00  6.90147950e-02 -6.23727970e-05  2.69894470e-08 -4.42278550e-12  4.67975900e+04  3.39540020e+01
cC6H4                300  5000  1000
 1.37286390e+01  1.48000000e-02 -5.90080000e-06  1.05160000e-09 -6.99390000e-14  3.75159420e+04 -5.35411560e+01
-2.95830000e+00  6.18200000e-02 -4.71720000e-05  1.04380000e-08  1.48180000e-12  4.17930000e+04  3.18270000e+01
cC6H5                300  5000  1100
 1.05401400e+01  1.73260310e-02 -5.37265350e-06  8.00943760e-10 -4.69917350e-14  3.44290420e+04 -3.32320850e+01
-3.50548510e+00  5.12160620e-02 -2.84979030e-05  1.32929090e-09  2.71573820e-12  3.85523950e+04  4.05964510e+01
cC6H7                300  5000  1000
 1.61511020e+01  1.60768420e-02 -4.63928930e-06  6.56124320e-10 -3.70837700e-14  1.66402460e+04 -6.30127300e+01
-1.10019670e+00  6.06523190e-02 -4.17878760e-05  9.91686470e-09  5.26584360e-13  2.15587500e+04  2.69260060e+01
cC6H9                300  5000  1000
 1.32300550e+01  2.54761020e-02 -8.21153750e-06  1.25894540e-09 -7.53377330e-14  3.17763280e+03 -4.77742460e+01
-5.61140200e+00  7.35848100e-02 -4.82743130e-05  1.17497110e-08  2.14267840e-13  8.63838090e+03  5.07312930e+01
1C4H7                300  5000  1000
 1.11427790e+01  1.37405870e-02 -3.62937070e-06  4.82875180e-10 -2.62517300e-14  1.95500550e+04 -3.20371480e+01
-1.20252690e+00  5.10089920e-02 -5.05889290e-05  3.07290410e-08 -8.22971730e-12  2.29934940e+04  3.14213940e+01
2C4H7                300  5000  1000
 1.09218910e+01  1.31260640e-02 -3.29414430e-06  4.18705040e-10 -2.18722100e-14  2.20770020e+04 -3.13608780e+01
 1.98354230e+00  3.19818180e-02 -1.87718780e-05  8.12989410e-09 -2.16003540e-12  2.52465550e+04  1.72303070e+01
C4H7Y                300  5000  1000
 1.12103578e+01  1.60483196e-02 -5.46502292e-06  8.45941053e-10 -4.89772739e-14  1.09041937e+04 -3.55593015e+01
-3.50508352e-01  4.26511243e-02 -2.90979373e-05  1.05403914e-08 -1.60059854e-12  1.49933591e+04  2.67295696e+01
C4H7T                300  5000  1000
 1.00118210e+01  1.46495720e-02 -3.90181090e-06  5.19579550e-10 -2.81170230e-14  2.36573440e+04 -2.58180120e+01
 4.62889080e-01  3.82310640e-02 -2.61214550e-05  1.09825780e-08 -2.29185400e-12  2.66590720e+04  2.47502710e+01
iC4H7                300  5000  1000
 1.16918710e+01  1.36701980e-02 -3.65649630e-06  4.89325860e-10 -2.66193520e-14  9.99494730e+03 -3.74872930e+01
 2.46741320e-01  4.09235730e-02 -2.82216590e-05  1.18525190e-08 -2.62922260e-12  1.36814980e+04  2.34649850e+01
C4H7V                300  5000  1000
 1.06841960e+01  1.41194160e-02 -3.73873760e-06  4.96258260e-10 -2.68214810e-14  2.46853300e+04 -3.00638580e+01
-3.98302610e-01  4.41436170e-02 -3.65023370e-05  1.89698590e-08 -4.67693250e-12  2.79885510e+04  2.78535880e+01
C5H9Y                300  5000  1000
 1.31691880e+01  1.97270640e-02 -5.61677140e-06  7.88450360e-10 -4.44298190e-14  7.09851560e+03 -4.31514430e+01
-7.83243920e-02  5.17070260e-02 -3.37492460e-05  1.24557570e-08 -2.31204140e-12  1.12702330e+04  2.71232130e+01
iC5H9                300  5000  1000
 1.48012260e+01  1.94090050e-02 -5.68488890e-06  8.11742340e-10 -4.61322740e-14  1.42464530e+04 -5.09135510e+01
-5.23607370e-01  6.40759840e-02 -5.81799720e-05  3.17374680e-08 -7.82036760e-12  1.85595720e+04  2.81621970e+01
CH2CHCO              300  5000  1000
 1.00700270e+01  5.41333333e-03 -8.13333333e-07  0.00000000e+00  0.00000000e+00  3.31196520e+03 -2.67741640e+01
 6.88339998e-01  2.96916174e-02 -2.44631000e-05  1.08326433e-08 -2.07947369e-12  6.14549990e+03  2.24878210e+01
cC3H3                300  5000  1000
 8.19220070e+00  5.43517200e-03 -1.23503390e-06  1.46212920e-10 -7.29506960e-15  4.93005470e+04 -1.88445240e+01
 1.85053060e+00  2.30160620e-02 -2.10121380e-05  1.16536770e-08 -2.97430330e-12  5.11606760e+04  1.41757760e+01
C4H4O                300  5000  1000
 1.36392270e+01  6.89022360e-03 -1.03436771e-06  0.00000000e+00  0.00000000e+00 -1.61670880e+04 -4.58355090e+01
 4.05255258e+00  2.05688699e-02  2.14189191e-05 -4.94497422e-08  2.29044834e-11 -1.31226264e+04  6.23872791e+00
cC5H5OH              300  5000  1000
 1.62967910e+01  1.06748415e-02 -1.59125793e-06  0.00000000e+00  0.00000000e+00 -1.16884120e+04 -6.24845730e+01
-4.34064054e+00  6.64316028e-02 -5.75739055e-05  2.53924081e-08 -4.52908978e-12 -5.71076222e+03  4.49764544e+01
cC6H5OH              300  5000  1000
 1.21724480e+01  2.26106460e-02 -8.19843810e-06  1.36557220e-09 -8.65390860e-14 -1.72143530e+04 -4.03665950e+01
-3.10167340e+00  6.46502300e-02 -4.43004360e-05  9.27298060e-09  1.34258820e-12 -1.31887010e+04  3.81616290e+01
C6H4O2               300  5000  1000
 1.75770220e+01  1.10024166e-02 -1.84269625e-06  0.00000000e+00  0.00000000e+00 -2.00217030e+04 -6.75528150e+01
 3.65495490e+00  2.59107392e-02  3.55518844e-05 -6.79349517e-08  2.95541152e-11 -1.49457422e+04  1.02682571e+01
C6H5C2H              300  5000  1000
 1.22202310e+01  2.72169240e-02 -1.04090910e-05  1.80049110e-09 -1.17185950e-13  3.14748550e+04 -4.12551660e+01
-3.12476490e+00  7.03762320e-02 -4.78151160e-05  9.60828390e-09  1.66673450e-12  3.54001400e+04  3.72394380e+01
C8H10                300  5000  1000
 1.56237590e+01  3.11032520e-02 -1.07685330e-05  1.73651370e-09 -1.07607910e-13 -4.24274570e+03 -5.88241850e+01
-4.44163700e+00  8.02843870e-02 -4.81623100e-05  8.18408190e-09  1.72286180e-12  1.71868960e+03  4.66916050e+01
C8H8                 300  5000  1000
 1.44985390e+01  2.81329080e-02 -1.00511170e-05  1.65621130e-09 -1.04137460e-13  1.07025720e+04 -5.26599750e+01
-3.60500190e+00  7.49855040e-02 -4.89126870e-05  1.09114440e-08  7.53144670e-13  1.58484070e+04  4.16736450e+01
cC10H10              300  5000  1000
 2.46973200e+01  2.19746000e-02 -3.62487000e-06  0.00000000e+00  0.00000000e+00  4.36021700e+03 -1.10686090e+02
-7.75849000e+00  1.04406000e-01 -8.02759000e-05  3.18661000e-08 -5.19066000e-12  1.42222780e+04  6.00804450e+01
C6H5CHO              300  5000  1000
 2.78189070e+01  6.26376920e-03 -1.46616700e-06  1.80068270e-10 -9.35662830e-15 -1.58416960e+04 -1.27361310e+02
-3.44312570e+00  6.68329520e-02 -3.49903750e-05  3.24329450e-09  1.14447510e-12 -4.68609130e+03  4.34725460e+01
C12H10               300  5000  1000
 1.96202090e+01  4.15631640e-02 -1.53948640e-05  2.60531020e-09 -1.67075610e-13  1.21429610e+04 -8.15213650e+01
-8.99081990e+00  1.17879120e-01 -7.94179210e-05  1.66131940e-08  2.14317080e-12  1.99730120e+04  6.65653380e+01
C6H5OOH              200  6000  1000
 1.61396041e+01  2.08447848e-02 -7.64070773e-06  1.24667046e-09 -7.51132000e-14 -7.68952573e+03 -5.95754960e+01
 2.63159057e-01  4.23800271e-02  3.05412431e-05 -8.13196326e-08  3.86504418e-11 -2.41155401e+03  2.73095957e+01
cC5H5                300  5000  1495
 1.20789290e+01  1.24191740e-02 -3.51190760e-06  4.90883000e-10 -2.75983950e-14  2.53616540e+04 -4.15641140e+01
 1.13846800e+00  3.74575780e-02 -2.18672690e-05  4.43325290e-09  2.44626070e-13  2.88509240e+04  1.67583690e+01
lC5H5                300  5000  1000
 1.35167480e+01  1.05855000e-02 -2.79757980e-06  3.69919400e-10 -1.98911410e-14  4.08129340e+04 -4.60121060e+01
-5.38435280e-01  4.99602590e-02 -4.31630760e-05  1.85731360e-08 -3.17718720e-12  4.47165590e+04  2.66072350e+01
cC5H3O               300  5000  1000
 1.33577520e+01  9.94676171e-03 -3.53224669e-06  5.62416803e-10 -3.32119217e-14  2.87744760e+04 -4.75451950e+01
-2.97900157e+00  5.40428052e-02 -4.87013197e-05  2.18001279e-08 -3.86113970e-12  3.35757242e+04  3.76713392e+01
cC5H5O               300  5000  1000
 1.52897940e+01  1.02727728e-02 -1.67867868e-06  0.00000000e+00  0.00000000e+00  1.47184290e+04 -5.77355440e+01
-4.14389396e+00  6.19021762e-02 -5.17179700e-05  2.10902448e-08 -3.24666882e-12  2.03939516e+04  4.36794452e+01
cC5H4OH              300  5000  1000
 1.73527230e+01  7.58919635e-03 -1.01337052e-06  0.00000000e+00  0.00000000e+00  6.48491650e+02 -6.80886310e+01
-1.04398319e+00  4.67863680e-02 -7.51753376e-06 -3.69241000e-08  2.26277976e-11  6.32013214e+03  2.96973060e+01
cC6H5O               300  5000  1000
 1.34000240e+01  1.65681240e-02 -4.93192420e-06  7.12776120e-10 -4.08643900e-14 -2.11332080e+02 -4.62837740e+01
-3.35574050e+00  6.18839490e-02 -4.34461840e-05  9.27532980e-09  1.35078170e-12  4.30563960e+03  4.02001570e+01
C6H5O2               300  5000  1000
 1.07250490e+01  2.54907970e-02 -9.14497104e-06  1.18857745e-09  0.00000000e+00  1.64903720e+04 -2.83085160e+01
 3.38459938e+01 -1.59878692e-01  4.59395807e-04 -4.73572629e-07  1.68468973e-10  1.48704195e+04 -1.20786752e+02
cC6H4OH              300  5000  1000
 1.37690390e+01  1.63675080e-02 -4.89716970e-06  7.12275740e-10 -4.11204380e-14  1.19661980e+04 -4.75576910e+01
-1.93870690e+00  5.67181330e-02 -3.52675230e-05  3.65268060e-09  2.74594950e-12  1.63295680e+04  3.41052250e+01
OC6H4OH              300  5000  1000
 2.05569330e+01  1.26293184e-02 -4.44613566e-06  7.03825305e-10 -4.13938387e-14 -1.27469670e+04 -7.78289720e+01
-1.20506225e+00  7.73615994e-02 -7.81529266e-05  3.89250905e-08 -7.52615341e-12 -6.84054592e+03  3.37494498e+01
HOC6H4CH3            300  5000  1004
 5.01263070e+00  4.41360400e-02 -1.80760450e-05  3.28251800e-09 -2.21211570e-13 -1.83387430e+04  2.08624060e+00
-3.46551420e+00  7.59825710e-02 -5.11145440e-05  1.11172350e-08  1.62748480e-12 -1.70994750e+04  4.22501370e+01
C6H4OHCHO            300  5000  1000
 2.67186490e+01  1.16875600e-02 -3.54721920e-06  5.21104330e-10 -3.02842910e-14 -3.76089500e+04 -1.16592200e+02
-2.32177140e+00  7.39374160e-02 -4.44688340e-05  6.99721130e-09  1.20578860e-12 -2.79191600e+04  3.97551460e+01
C6H5CH2OH            300  5000  1000
 1.12195650e+01  3.71493730e-02 -1.42541490e-05  2.47272490e-09 -1.61345460e-13 -9.20864060e+03 -2.77324710e+01
-4.09766440e+00  8.12278090e-02 -5.22305490e-05  9.05530140e-09  2.47127150e-12 -5.44399610e+03  5.01326180e+01
C6H5CH2OOH           300  5000  1000
 1.12195650e+01  3.71493730e-02 -1.42541490e-05  2.47272490e-09 -1.61345460e-13 -9.20864060e+03 -2.77324710e+01
-4.09766440e+00  8.12278090e-02 -5.22305490e-05  9.05530140e-09  2.47127150e-12 -5.44399610e+03  5.01326180e+01
C14H14               300  5000  1000
 2.90766440e+01  4.38931880e-02 -1.48572190e-05  2.35789210e-09 -1.44502980e-13  3.15879150e+03 -1.28627500e+02
-8.39612010e+00  1.34228510e-01 -8.12288640e-05  1.17064670e-08  4.01600930e-12  1.44185310e+04  6.89193650e+01
C14H12               300  5000  1000
 2.71544070e+01  4.22904830e-02 -1.47834800e-05  2.40109980e-09 -1.49584650e-13  1.62438410e+04 -1.19099900e+02
-6.94650080e+00  1.27651170e-01 -8.10156710e-05  1.40451110e-08  3.17881660e-12  2.61651210e+04  5.95028000e+01
C7H7                 300  5000  1395
 1.42746780e+01  2.23234090e-02 -7.22024790e-06  1.10863720e-09 -6.63552190e-14  1.72896730e+04 -5.34545380e+01
-4.71217300e+00  7.20938670e-02 -5.28409400e-05  1.83329260e-08 -2.29046580e-12  2.26740820e+04  4.55017090e+01
C6H4CH3              300  5000  1000
 1.36691750e+01  2.22495350e-02 -7.03732390e-06  1.06372130e-09 -6.29926610e-14  2.87987690e+04 -4.84876700e+01
-3.54744860e+00  6.11608510e-02 -3.16791340e-05  1.09499900e-09  2.85284770e-12  3.41826840e+04  4.31107560e+01
C6H4OHCO             300  5000  1000
 2.62439510e+01  8.94604160e-03 -2.13979430e-06  2.63673670e-10 -1.35493630e-14 -1.99315760e+04 -1.14072190e+02
-1.21108380e+00  6.16656730e-02 -2.55451430e-05 -6.31373840e-09  4.70461520e-12 -1.03338530e+04  3.55764430e+01
C6H4CH3O3            300  5000  1000
 1.11702400e+01  3.80490720e-02 -1.40365860e-05  2.36779090e-09 -1.51451730e-13 -1.24031920e+04 -2.43456270e+01
-4.17074920e+00  9.12901390e-02 -7.02319590e-05  2.02825370e-08  2.29097560e-13 -9.50574120e+03  5.04160730e+01
OC6H4CH3             300  5000  1050
 7.13627610e+00  3.57398990e-02 -1.30889220e-05  2.19569030e-09 -1.39846730e-13 -1.51290420e+03 -9.15529950e+00
-3.60089950e+00  7.23814220e-02 -4.82283360e-05  9.06832740e-09  2.36844480e-12  3.93222050e+02  4.30211640e+01
HOC6H4CH2            300  5000  1000
 8.22242800e+00  3.60331090e-02 -1.35157610e-05  2.30648990e-09 -1.48718790e-13 -1.15482950e+03 -1.58327200e+01
-3.60511920e+00  7.99243820e-02 -6.54644460e-05  2.49123250e-08 -2.86959430e-12  9.36026490e+02  4.10970920e+01
C6H5CO               300  5000  1000
 2.67688300e+01  4.68178560e-03 -7.83982840e-07  7.32343420e-11 -3.09587010e-15  5.67048000e+02 -1.21021700e+02
-2.28109720e+00  5.42100590e-02 -1.52347970e-05 -1.08874730e-08  4.93007980e-12  1.14233190e+04  3.97654990e+01
C6H5CHOH             300  5000  1000
 9.98740240e+00  3.12270930e-02 -1.09204880e-05  1.77364070e-09 -1.10462070e-13 -6.09598350e+02 -2.35830830e+01
-4.13265320e+00  6.98426660e-02 -4.42785970e-05  9.69245400e-09  8.33316600e-13  3.15358200e+03  4.91427380e+01
C6H5CH2O             300  5000  1000
 1.07339010e+01  3.06555930e-02 -1.07381480e-05  1.74512470e-09 -1.08684360e-13  8.07898970e+03 -3.02256040e+01
-6.84759900e+00  8.11686440e-02 -5.92743420e-05  1.82628950e-08 -1.02181140e-12  1.26358790e+04  5.97005000e+01
HOC6H4CH2O           300  5000  1000
 8.59229900e+00  3.82733870e-02 -1.42897690e-05  2.43147300e-09 -1.56500750e-13 -1.18643070e+04 -1.38266360e+01
-5.75639870e+00  8.84764940e-02 -6.92276950e-05  2.24780050e-08 -1.11951570e-12 -9.12354980e+03  5.61150890e+01
C6H5CH2OO            300  5000  1310
 1.27854890e+01  3.06637640e-02 -1.06238420e-05  1.71339140e-09 -1.06149500e-13  8.04448670e+03 -3.72289930e+01
-5.55918170e+00  8.60463160e-02 -6.52380550e-05  2.10140560e-08 -1.42114860e-12  1.22854440e+04  5.52605970e+01
cC8H9                300  5000  1000
 1.63897780e+01  2.63346660e-02 -8.17628730e-06  1.22124220e-09 -7.18133510e-14  1.23984550e+04 -6.14066430e+01
-3.10325550e+00  7.32433720e-02 -4.42971610e-05  9.21266090e-09  6.41968950e-13  1.83368160e+04  4.15559390e+01
1cC8H9               300  5000  1000
 1.79680340e+01  2.39625180e-02 -7.15492520e-06  1.03757720e-09 -5.96944840e-14  1.94312440e+04 -6.92864980e+01
-5.26520200e+00  8.89877600e-02 -7.54492360e-05  3.41497320e-08 -6.66954430e-12  2.59605610e+04  5.09400020e+01
C6H5C2H2             300  5000  1000
 1.45908580e+01  2.38828530e-02 -7.56915550e-06  1.14638720e-09 -6.80145370e-14  3.44780500e+04 -5.27576730e+01
-1.81721190e+00  6.04601280e-02 -2.74239700e-05 -4.05063890e-09  4.81462140e-12  3.95384840e+04  3.44470750e+01
cC14H13              300  5000  1000
 3.00014330e+01  3.86465190e-02 -1.20251170e-05  1.79507200e-09 -1.05304210e-13  1.98369370e+04 -1.32223990e+02
-8.09628010e+00  1.34992020e-01 -9.51910110e-05  2.88735520e-08 -2.26567740e-12  3.11463200e+04  6.76970670e+01
cC8H9OOH             300  5000  1000
-3.15653180e+00  7.24884720e-02 -3.17816560e-05  6.06599390e-09 -4.24181820e-13 -7.57296090e+03  5.27220460e+01
-8.04702190e+00  1.11413420e-01 -8.48312340e-05  2.31814020e-08  1.33419830e-12 -9.09227730e+03  6.79594650e+01
cC8H9O               300  5000  1000
-2.68411520e+00  6.36830850e-02 -2.65542390e-05  4.89109640e-09 -3.33373550e-13  1.12093420e+04  4.51939580e+01
-1.05150400e+01  1.09469060e-01 -8.74734540e-05  2.80998760e-08 -6.73441120e-13  1.07195050e+04  7.63104710e+01
OOC6H4CH3            300  5000  1000
 1.53776039e+01  3.21363915e-02 -1.26700376e-05  2.28233298e-09 -1.54312315e-13  1.08872191e+04 -6.10238903e+01
-7.49357917e+00  9.07281156e-02 -5.76486055e-05  4.69816415e-09  6.61632944e-12  1.74727480e+04  5.83347582e+01
C10H8                200  6000  1000
 1.86129884e+01  3.04494175e-02 -1.11224825e-05  1.81615474e-09 -1.09601281e-13  8.91578988e+03 -8.00230396e+01
-1.04919475e+00  4.62970781e-02  7.07591636e-05 -1.38408111e-07  6.20475407e-11  1.59848987e+04  3.02121626e+01
C10H7                200  6000  1000
 1.83535073e+01  2.77474314e-02 -1.00885968e-05  1.64229575e-09 -9.89002001e-14  3.89261241e+04 -7.48978150e+01
-1.89559772e+00  5.83077290e-02  2.79388931e-05 -9.14375172e-08  4.46422302e-11  4.55409775e+04  3.52453263e+01
C9H7                 300  5000  1000
 1.59706473e+01  2.86651352e-02 -1.12949950e-05  2.03414690e-09 -1.37519923e-13  2.48192174e+04 -6.29027317e+01
-8.19315997e+00  9.69513671e-02 -7.78644905e-05  2.41142048e-08  1.64713468e-13  3.14272288e+04  6.15513565e+01
C9H8                 300  5000  1000
 1.53776039e+01  3.21363915e-02 -1.26700376e-05  2.28233298e-09 -1.54312315e-13  1.08872191e+04 -6.10238903e+01
-7.49357917e+00  9.07281156e-02 -5.76486055e-05  4.69816415e-09  6.61632944e-12  1.74727480e+04  5.83347582e+01
C4H8O                300  5000  1000
 7.85446310e+00  2.58878790e-02 -9.23567040e-06  1.52486370e-09 -9.62579420e-14 -2.98789180e+04 -1.37303660e+01
-1.91192260e+00  5.26981990e-02 -3.27858650e-05  6.75937000e-09  1.15836680e-12 -2.72271800e+04  3.66397250e+01
C4H9OH               300  5000  1000
 9.43851090e+00  2.82906630e-02 -9.71713140e-06  1.56298700e-09 -9.69424940e-14 -3.87916880e+04 -2.18479610e+01
 7.03916240e-04  5.14341180e-02 -2.50480060e-05  2.19331050e-10  2.86537350e-12 -3.60718670e+04  2.75753920e+01
C3H7OCH3             300  5000  1000
 1.03387890e+01  2.86002620e-02 -1.01043960e-05  1.65798250e-09 -1.04268150e-13 -3.67455510e+04 -2.83253020e+01
-6.67206880e-01  6.01050290e-02 -4.18670420e-05  1.40121510e-08 -1.21785210e-12 -3.37702150e+04  2.82383250e+01
C3H7OOCH3            300  5000  1000
 1.26036700e+01  2.66967900e-02 -8.81226610e-06  1.37798650e-09 -8.38085370e-14 -3.02403550e+04 -3.43181840e+01
 3.35598020e+00  4.40817700e-02 -8.79315030e-06 -1.39292000e-08  7.07542570e-12 -2.72965760e+04  1.54806490e+01
C5H12                300  4000  1000
 1.66779790e+01  2.11448300e-02 -3.53332100e-06 -5.74220200e-10  1.51594830e-13 -2.55367000e+04 -6.37294000e+01
 1.87790700e+00  4.12164500e-02  1.25323370e-05 -3.70153600e-08  1.52556850e-11 -2.00381500e+04  1.87725600e+01
C6H14                300  4000  1000
 2.28047100e+01  2.09798900e-02 -3.53067400e-06 -5.46624500e-10  1.47894990e-13 -3.07375600e+04 -9.58316200e+01
 1.83617400e+00  5.09846100e-02  1.25958570e-05 -4.42836200e-08  1.87223700e-11 -2.29274900e+04  2.08814500e+01
C3H7OOH              300  5000  1000
 1.13369260e+01  2.03940480e-02 -6.70932420e-06  1.04778610e-09 -6.37281910e-14 -3.05036720e+04 -2.97763900e+01
 1.02776750e+00  4.92908770e-02 -3.27000230e-05  7.37824820e-09  1.00035330e-12 -2.77747950e+04  2.31591000e+01
C5H10                300  5000  1000
 5.00264930e+00  1.76389930e-02 -6.22663080e-06  1.01514330e-09 -6.32359770e-14 -2.70561520e+02 -2.47234340e+00
 5.55982830e-01  2.70915310e-02 -1.07521040e-05 -9.75392100e-10  1.43147210e-12  1.15701900e+03  2.13441730e+01
C6H12                300  5000  1000
 5.00264930e+00  1.76389930e-02 -6.22663080e-06  1.01514330e-09 -6.32359770e-14 -2.70561520e+02 -2.47234340e+00
 5.55982830e-01  2.70915310e-02 -1.07521040e-05 -9.75392100e-10  1.43147210e-12  1.15701900e+03  2.13441730e+01
C4H9CHO              300  5000  1000
 5.00264930e+00  1.76389930e-02 -6.22663080e-06  1.01514330e-09 -6.32359770e-14 -2.70561520e+02 -2.47234340e+00
 5.55982830e-01  2.70915310e-02 -1.07521040e-05 -9.75392100e-10  1.43147210e-12  1.15701900e+03  2.13441730e+01
C3H5OH               300  5000  1000
 5.00264930e+00  1.76389930e-02 -6.22663080e-06  1.01514330e-09 -6.32359770e-14 -2.70561520e+02 -2.47234340e+00
 5.55982830e-01  2.70915310e-02 -1.07521040e-05 -9.75392100e-10  1.43147210e-12  1.15701900e+03  2.13441730e+01
C2H5COOH             300  5000  1000
 5.00264930e+00  1.76389930e-02 -6.22663080e-06  1.01514330e-09 -6.32359770e-14 -2.70561520e+02 -2.47234340e+00
 5.55982830e-01  2.70915310e-02 -1.07521040e-05 -9.75392100e-10  1.43147210e-12  1.15701900e+03  2.13441730e+01
C3H5CHO              300  5000  1000
 5.00264930e+00  1.76389930e-02 -6.22663080e-06  1.01514330e-09 -6.32359770e-14 -2.70561520e+02 -2.47234340e+00
 5.55982830e-01  2.70915310e-02 -1.07521040e-05 -9.75392100e-10  1.43147210e-12  1.15701900e+03  2.13441730e+01
C4H7OH               300  5000  1000
 5.00264930e+00  1.76389930e-02 -6.22663080e-06  1.01514330e-09 -6.32359770e-14 -2.70561520e+02 -2.47234340e+00
 5.55982830e-01  2.70915310e-02 -1.07521040e-05 -9.75392100e-10  1.43147210e-12  1.15701900e+03  2.13441730e+01
C6H10                300  5000  1000
 5.00264930e+00  1.76389930e-02 -6.22663080e-06  1.01514330e-09 -6.32359770e-14 -2.70561520e+02 -2.47234340e+00
 5.55982830e-01  2.70915310e-02 -1.07521040e-05 -9.75392100e-10  1.43147210e-12  1.15701900e+03  2.13441730e+01
C7H12                300  5000  1000
 5.00264930e+00  1.76389930e-02 -6.22663080e-06  1.01514330e-09 -6.32359770e-14 -2.70561520e+02 -2.47234340e+00
 5.55982830e-01  2.70915310e-02 -1.07521040e-05 -9.75392100e-10  1.43147210e-12  1.15701900e+03  2.13441730e+01
C4H7OOH              300  5000  1000
 5.00264930e+00  1.76389930e-02 -6.22663080e-06  1.01514330e-09 -6.32359770e-14 -2.70561520e+02 -2.47234340e+00
 5.55982830e-01  2.70915310e-02 -1.07521040e-05 -9.75392100e-10  1.43147210e-12  1.15701900e+03  2.13441730e+01
C5H8O                300  5000  1000
 5.00264930e+00  1.76389930e-02 -6.22663080e-06  1.01514330e-09 -6.32359770e-14 -2.70561520e+02 -2.47234340e+00
 5.55982830e-01  2.70915310e-02 -1.07521040e-05 -9.75392100e-10  1.43147210e-12  1.15701900e+03  2.13441730e+01
C5H9OH               300  5000  1000
 5.00264930e+00  1.76389930e-02 -6.22663080e-06  1.01514330e-09 -6.32359770e-14 -2.70561520e+02 -2.47234340e+00
 5.55982830e-01  2.70915310e-02 -1.07521040e-05 -9.75392100e-10  1.43147210e-12  1.15701900e+03  2.13441730e+01
C8H14                300  5000  1000
 5.00264930e+00  1.76389930e-02 -6.22663080e-06  1.01514330e-09 -6.32359770e-14 -2.70561520e+02 -2.47234340e+00
 5.55982830e-01  2.70915310e-02 -1.07521040e-05 -9.75392100e-10  1.43147210e-12  1.15701900e+03  2.13441730e+01
CH3CHCO              300  5000  1000
 9.30019470e+00  1.98714620e-02 -6.57139750e-06  1.02588880e-09 -6.21603940e-14 -4.66497070e+03 -2.42603000e+01
-2.58697420e-01  4.14754970e-02 -2.13176860e-05  2.79188210e-09  8.57493110e-13 -1.61809580e+03  2.67207180e+01
cC3H6O               300  5000  1000
 4.31482790e+00  1.38772060e-02 -5.17842320e-06  8.82296460e-10 -5.69212980e-14 -8.68522270e+03 -4.39434050e-01
-9.20335230e-01  2.64219620e-02 -1.34074330e-05  3.13993690e-10  1.42285680e-12 -7.13331400e+03  2.71130310e+01
cC4H8O               300  5000  1000
 4.31482790e+00  1.38772060e-02 -5.17842320e-06  8.82296460e-10 -5.69212980e-14 -8.68522270e+03 -4.39434050e-01
-9.20335230e-01  2.64219620e-02 -1.34074330e-05  3.13993690e-10  1.42285680e-12 -7.13331400e+03  2.71130310e+01
cC5H10O              300  5000  1000
 4.31482790e+00  1.38772060e-02 -5.17842320e-06  8.82296460e-10 -5.69212980e-14 -8.68522270e+03 -4.39434050e-01
-9.20335230e-01  2.64219620e-02 -1.34074330e-05  3.13993690e-10  1.42285680e-12 -7.13331400e+03  2.71130310e+01
cC6H12O              300  5000  1000
 4.31482790e+00  1.38772060e-02 -5.17842320e-06  8.82296460e-10 -5.69212980e-14 -8.68522270e+03 -4.39434050e-01
-9.20335230e-01  2.64219620e-02 -1.34074330e-05  3.13993690e-10  1.42285680e-12 -7.13331400e+03  2.71130310e+01
C5H9O                300  5000  1000
 9.17478660e+00  2.15854460e-02 -6.44121340e-06  9.37556810e-10 -5.42898040e-14  3.86668750e+03 -2.10232890e+01
 2.92045330e-02  4.80170620e-02 -3.53442340e-05  1.53350650e-08 -2.80776990e-12  6.38212010e+03  2.60612530e+01
C5H9O3               300  5000  1000
 9.17478660e+00  2.15854460e-02 -6.44121340e-06  9.37556810e-10 -5.42898040e-14  3.86668750e+03 -2.10232890e+01
 2.92045330e-02  4.80170620e-02 -3.53442340e-05  1.53350650e-08 -2.80776990e-12  6.38212010e+03  2.60612530e+01
C4H7O                300  5000  1000
 9.17478660e+00  2.15854460e-02 -6.44121340e-06  9.37556810e-10 -5.42898040e-14  3.86668750e+03 -2.10232890e+01
 2.92045330e-02  4.80170620e-02 -3.53442340e-05  1.53350650e-08 -2.80776990e-12  6.38212010e+03  2.60612530e+01
C4H7O3               300  5000  1000
 9.17478660e+00  2.15854460e-02 -6.44121340e-06  9.37556810e-10 -5.42898040e-14  3.86668750e+03 -2.10232890e+01
 2.92045330e-02  4.80170620e-02 -3.53442340e-05  1.53350650e-08 -2.80776990e-12  6.38212010e+03  2.60612530e+01
C3H5O                300  5000  1000
 9.17478660e+00  2.15854460e-02 -6.44121340e-06  9.37556810e-10 -5.42898040e-14  3.86668750e+03 -2.10232890e+01
 2.92045330e-02  4.80170620e-02 -3.53442340e-05  1.53350650e-08 -2.80776990e-12  6.38212010e+03  2.60612530e+01
C3H5O3               300  5000  1000
 9.17478660e+00  2.15854460e-02 -6.44121340e-06  9.37556810e-10 -5.42898040e-14  3.86668750e+03 -2.10232890e+01
 2.92045330e-02  4.80170620e-02 -3.53442340e-05  1.53350650e-08 -2.80776990e-12  6.38212010e+03  2.60612530e+01
HCOH                 300  5000   1398
 9.18749272E+00  1.52011152E-03 -6.27603516E-07  1.09727989E-10 -6.89655128E-15  7.81364593E+03 -2.73434214E+01
-2.82157421E+00  3.57331702E-02 -3.80861580E-05  1.86205951E-08 -3.45957838E-12  1.12956672E+04  3.48487757E+01
HOCH2O               300  5000   3452
 6.39521515E+00  7.43673043E-03 -2.50422354E-06  3.84879712E-10 -2.21778689E-14 -2.41108840E+04  6.63865583E+00
 4.11183145E+00  7.53850697E-03  3.77337370E-06 -5.38746005E-09  1.45615887E-12 -2.28023001E+04  7.46807254E+00
HOCHO                200  6000   1000
 0.46138316E+01  0.64496364E-02 -0.22908251E-05  0.36716047E-09 -0.21873675E-13 -0.47514850E+05  0.84788383E+00
 0.38983616E+01 -0.35587795E-02  0.35520538E-04 -0.43849959E-07  0.17107769E-10 -0.46770609E+05  0.73495397E+01
