 C2H6                                                   C2H4       H2                                           3.821e-07  0.000e+00  3.389e+04  2.000e+00  1.000e+02  1.000e+00  1.000e+00  1.000e+00  1.000e+00  1.000e+00  1.000e+00  1.000e+00  1.000e+00  1.000e+00  1.000e+00  1.000e+00  1.000e+00  1.000e+00  1.000e+00  1.000e+00  1.000e+00  1.000e+00  1.000e+00  1.000e+00  1.000e+00  1.000e+00  1.000e+00
 NH3                                                    NH2        H                                            3.654e-08  0.000e+00  4.699e+04  2.000e+00  1.000e+02  1.000e+00  1.000e+00  1.000e+00  1.000e+00  1.000e+00  1.000e+00  1.000e+00  1.000e+00  1.000e+00  1.000e+00  1.000e+00  1.000e+00  1.000e+00  1.000e+00  1.000e+00  1.000e+00  1.000e+00  1.000e+00  1.000e+00  1.000e+00  1.000e+00  1.000e+00
 NNH                                                    N2         H                                            1.661e-11  5.000e-01  1.538e+03  2.000e+00  1.000e+02  1.000e+00  1.000e+00  1.000e+00  1.000e+00  1.000e+00  1.000e+00  1.000e+00  1.000e+00  1.000e+00  1.000e+00  1.000e+00  1.000e+00  1.000e+00  1.000e+00  1.000e+00  1.000e+00  1.000e+00  1.000e+00  1.000e+00  1.000e+00  1.000e+00  1.000e+00
 N2H3                                                   N2H2       H                                            1.661e-08  0.000e+00  1.860e+04  2.000e+00  1.000e+02  1.000e+00  1.000e+00  1.000e+00  1.000e+00  1.000e+00  1.000e+00  1.000e+00  1.000e+00  1.000e+00  1.000e+00  1.000e+00  1.000e+00  1.000e+00  1.000e+00  1.000e+00  1.000e+00  1.000e+00  1.000e+00  1.000e+00  1.000e+00  1.000e+00  1.000e+00
 HCN                                                    H          CN                                           5.930e+02 -2.600e+00  6.280e+04  2.000e+00  1.000e+02  1.000e+00  1.000e+00  1.000e+00  1.000e+00  1.000e+00  1.000e+00  1.000e+00  1.000e+00  1.000e+00  1.000e+00  1.000e+00  1.000e+00  1.000e+00  1.000e+00  1.000e+00  1.000e+00  1.000e+00  1.000e+00  1.000e+00  1.000e+00  1.000e+00  1.000e+00
 HNCO                                                   H          NCO                                          8.306e-09  0.000e+00  6.033e+04  2.000e+00  1.000e+02  1.000e+00  1.000e+00  1.000e+00  1.000e+00  1.000e+00  1.000e+00  1.000e+00  1.000e+00  1.000e+00  1.000e+00  1.000e+00  1.000e+00  1.000e+00  1.000e+00  1.000e+00  1.000e+00  1.000e+00  1.000e+00  1.000e+00  1.000e+00  1.000e+00  1.000e+00
 H2CN                                                   HCN        H                                            4.983e-10  0.000e+00  1.106e+04  2.000e+00  1.000e+02  1.000e+00  1.000e+00  1.000e+00  1.000e+00  1.000e+00  1.000e+00  1.000e+00  1.000e+00  1.000e+00  1.000e+00  1.000e+00  1.000e+00  1.000e+00  1.000e+00  1.000e+00  1.000e+00  1.000e+00  1.000e+00  1.000e+00  1.000e+00  1.000e+00  1.000e+00
 CH3                                                    3CH2       H                                            4.834e-08  0.000e+00  4.560e+04  2.000e+00  1.000e+02  4.000e-01  7.500e-01  1.500e+00  6.500e+00  3.000e+00  1.000e+00  3.000e+00  3.500e-01  4.000e-01  3.500e-01  1.000e+00  1.000e+00  1.000e+00  1.000e+00  1.000e+00  1.000e+00  1.000e+00  1.000e+00  1.000e+00  1.000e+00  1.000e+00  1.000e+00
 C2H4                                                   C2H2       H2                                           1.656e-07  0.000e+00  3.600e+04  2.000e+00  1.000e+02  4.000e-01  7.500e-01  1.500e+00  6.500e+00  3.000e+00  1.000e+00  3.000e+00  3.500e-01  4.000e-01  3.500e-01  1.000e+00  1.000e+00  1.000e+00  1.000e+00  1.000e+00  1.000e+00  1.000e+00  1.000e+00  1.000e+00  1.000e+00  1.000e+00  1.000e+00
 C2H4                                                   C2H3       H                                            1.229e-06  0.000e+00  4.862e+04  2.000e+00  1.000e+02  4.000e-01  7.500e-01  1.500e+00  6.500e+00  3.000e+00  1.000e+00  3.000e+00  3.500e-01  4.000e-01  3.500e-01  1.000e+00  1.000e+00  1.000e+00  1.000e+00  1.000e+00  1.000e+00  1.000e+00  1.000e+00  1.000e+00  1.000e+00  1.000e+00  1.000e+00
 HCO                                                    H          CO                                           3.156e-07 -1.000e+00  8.547e+03  2.000e+00  1.000e+02  1.000e+00  1.500e+00  2.000e+00  6.000e+00  1.000e+00  2.000e+00  1.000e+00  1.000e+00  1.000e+00  1.000e+00  1.000e+00  1.000e+00  1.000e+00  1.000e+00  1.000e+00  1.000e+00  1.000e+00  1.000e+00  1.000e+00  1.000e+00  1.000e+00  1.000e+00
 H2CO                                                   HCO        H                                            2.326e+12 -5.540e+00  4.867e+04  2.000e+00  1.000e+02  4.000e-01  7.500e-01  1.500e+00  6.500e+00  3.000e+00  1.000e+00  3.000e+00  3.500e-01  4.000e-01  3.500e-01  1.000e+00  1.000e+00  1.000e+00  1.000e+00  1.000e+00  1.000e+00  1.000e+00  1.000e+00  1.000e+00  1.000e+00  1.000e+00  1.000e+00
 H2CO                                                   H2         CO                                           5.415e+12 -5.540e+00  4.867e+04  2.000e+00  1.000e+02  4.000e-01  7.500e-01  1.500e+00  6.500e+00  3.000e+00  1.000e+00  3.000e+00  3.500e-01  4.000e-01  3.500e-01  1.000e+00  1.000e+00  1.000e+00  1.000e+00  1.000e+00  1.000e+00  1.000e+00  1.000e+00  1.000e+00  1.000e+00  1.000e+00  1.000e+00
 CH2CO                                                  1CH2       CO                                           1.091e-08  0.000e+00  2.896e+04  2.000e+00  1.000e+02  4.000e-01  7.500e-01  1.500e+00  6.500e+00  3.000e+00  1.000e+00  3.000e+00  3.500e-01  4.000e-01  3.500e-01  1.000e+00  1.000e+00  1.000e+00  1.000e+00  1.000e+00  1.000e+00  1.000e+00  1.000e+00  1.000e+00  1.000e+00  1.000e+00  1.000e+00
 N2H2                                                   NNH        H                                            8.306e-08  0.000e+00  2.514e+04  2.000e+00  1.000e+02  2.000e+00  1.000e+00  1.000e+00  1.500e+01  1.000e+00  2.000e+00  1.000e+00  1.000e+00  2.000e+00  1.000e+00  1.000e+00  1.000e+00  1.000e+00  1.000e+00  1.000e+00  1.000e+00  1.000e+00  1.000e+00  1.000e+00  1.000e+00  1.000e+00  1.000e+00
