 CO2H                                                   CO         OH                                           1.000e-03  3.000e-03  2.960e-02  9.870e-02  2.961e-01  9.869e-01  2.961e+00  9.869e+00  2.961e+01  9.869e+01  2.961e+02  9.869e+02  1.550e-08  1.770e+03  2.020e+13  1.680e+18  2.500e+24  4.540e+26  7.120e+28  5.480e+29  9.890e+31  5.740e+33  2.610e+33  6.300e+32  2.930e+00  3.400e-01 -1.870e+00 -3.050e+00 -4.630e+00 -5.120e+00 -5.600e+00 -5.700e+00 -6.190e+00 -6.530e+00 -6.290e+00 -5.960e+00  4.408e+03  9.088e+03  1.144e+04  1.223e+04  1.361e+04  1.386e+04  1.435e+04  1.453e+04  1.534e+04  1.612e+04  1.620e+04  1.632e+04  2.000e+00  1.000e+02
 CO2H                                                   CO2        H                                            1.000e-03  3.000e-03  9.900e-03  2.960e-02  9.870e-02  2.961e-01  9.869e-01  2.961e+00  9.869e+00  2.961e+01  9.869e+01  2.961e+02  9.869e+02  4.758e+18  2.225e+20  7.564e+21  9.107e+24  3.144e+29  1.150e+32  1.069e+36  2.438e+36  6.663e+35  1.723e+38  3.007e+41  6.767e+36  1.897e+38 -3.817e+00 -4.149e+00 -4.434e+00 -5.189e+00 -6.376e+00 -7.037e+00 -8.107e+00 -8.153e+00 -7.919e+00 -8.506e+00 -9.290e+00 -7.832e+00 -8.047e+00  8.887e+03  9.571e+03  1.022e+04  1.127e+04  1.269e+04  1.340e+04  1.461e+04  1.475e+04  1.469e+04  1.572e+04  1.708e+04  1.589e+04  1.721e+04  2.000e+00  1.000e+02
 C2H4OOH                                                C2H5OO                                                  4.000e-02  1.000e+00  1.000e+01  2.653e-16  1.064e+41  1.203e+36  6.960e+00 -1.010e+01 -8.130e+00  1.205e+03  1.309e+04  1.358e+04  2.000e+00  1.000e+02
 C2H5OO                                                 CH3CHO     OH                                           4.000e-02  1.000e+00  1.000e+01  1.237e+35  1.687e+36  2.520e+41 -9.420e+00 -9.220e+00 -1.020e+01  1.828e+04  1.946e+04  2.198e+04  2.000e+00  1.000e+02
 C2H5OO                                                 C2H4       OOH                                          4.000e-02  1.000e+00  1.000e+01  1.782e+32  2.701e+37  1.980e+38 -7.100e+00 -8.470e+00 -8.460e+00  1.651e+04  1.802e+04  1.905e+04  2.000e+00  1.000e+02
 C2H5OO                                                 cC2H4O     OH                                           4.000e-02  1.000e+00  1.000e+01  5.778e+45  1.916e+43  3.965e+43 -1.190e+01 -1.075e+01 -1.046e+01  2.067e+03  2.132e+04  2.292e+04  2.000e+00  1.000e+02
 C2H4OOH                                                cC2H4O     OH                                           4.000e-02  1.000e+00  1.000e+01  8.959e+38  1.224e+37  8.848e+30 -9.400e+00 -8.320e+00 -6.080e+00  1.039e+04  1.079e+04  1.039e+04  2.000e+00  1.000e+02
 C2H4OOH                                                C2H4       OOH                                          4.000e-02  1.000e+00  1.000e+01  3.918e+40  6.825e+40  3.980e+34 -1.020e+01 -9.610e+00 -7.250e+00  1.119e+04  1.199e+04  1.169e+04  2.000e+00  1.000e+02
 C2H4OOH                                                CH3CHO     OH                                           4.000e-02  1.000e+00  1.000e+01  5.819e+26  5.520e+34  1.188e+34 -7.970e+00 -9.880e+00 -9.020e+00  1.049e+04  1.319e+04  1.469e+04  2.000e+00  1.000e+02
 C2H3OO                                                 CHCHO      OH                                           1.000e-02  1.000e-01  3.160e-01  1.000e+00  3.160e+00  1.000e+01  3.160e+01  1.000e+02  3.640e+49  1.440e+36  4.180e+40  3.790e+46  1.600e+49  2.380e+51  2.000e+54  9.540e195 -1.213e+01 -9.920e+00 -1.053e+01 -1.072e+01 -1.124e+01 -1.164e+01 -1.222e+01 -5.227e+01  3.390e+04  2.072e+04  2.196e+04  2.609e+04  2.722e+04  2.865e+04  3.109e+04  8.220e+04  2.000e+00  1.000e+02
 C2H3OO                                                 CHCHO      OH                                           1.000e-02  1.000e-01  3.160e-01  1.000e+00  3.160e+00  1.000e+01  3.160e+01  1.000e+02  1.170e+56  2.320e+40  1.610e+43  2.330e124  1.880e103  5.960e+86  1.510e+57  1.790e+34 -1.481e+01 -9.390e+00 -9.990e+00 -3.677e+01 -2.949e+01 -2.381e+01 -1.394e+01 -6.400e+00  3.052e+04  2.535e+04  2.528e+04  3.524e+04  3.289e+04  3.126e+04  2.785e+04  2.514e+04  2.000e+00  1.000e+02
 C2H3OO                                                 CH2CHO     O3P                                          1.000e-02  1.000e-01  3.160e-01  1.000e+00  3.160e+00  1.000e+01  3.160e+01  1.000e+02  2.700e180  3.900e+38  4.570e+47  7.620e+81  1.860e+68  2.020e+55  1.110e+53  4.300e+48 -4.819e+01 -8.690e+00 -1.121e+01 -2.128e+01 -1.683e+01 -1.269e+01 -1.179e+01 -1.031e+01  8.512e+04  2.150e+04  2.366e+04  3.272e+04  3.051e+04  2.807e+04  2.850e+04  2.820e+04  2.000e+00  1.000e+02
 C2H3OO                                                 CH2CHO     O3P                                          1.000e-02  1.000e-01  3.160e-01  1.000e+00  3.160e+00  1.000e+01  3.160e+01  1.000e+02  1.470e+30  9.650e-12  3.950e+22  2.390e+33  6.370e+31  2.130e+29  4.660e+27  5.990e+25 -6.640e+00  5.960e+00 -3.710e+00 -6.620e+00 -5.960e+00 -5.100e+00 -4.500e+00 -3.850e+00  2.067e+04  1.151e+04  1.824e+04  2.075e+04  2.074e+04  2.047e+04  2.038e+04  2.017e+04  2.000e+00  1.000e+02
 C2H3OO                                                 CHOCHO     H                                            1.000e-02  1.000e-01  3.160e-01  1.000e+00  3.160e+00  1.000e+01  3.160e+01  1.000e+02  6.410e+80  3.310e+65  5.980e+51  1.480e+44  1.260e+59  4.930e+26  2.060e+33  1.300e+32 -2.220e+01 -1.701e+01 -1.262e+01 -1.012e+01 -1.433e+01 -4.670e+00 -6.380e+00 -5.920e+00  2.602e+04  2.418e+04  2.162e+04  2.051e+04  2.584e+04  1.725e+04  1.987e+04  2.044e+04  2.000e+00  1.000e+02
 C2H3OO                                                 CHOCHO     H                                            1.000e-02  1.000e-01  3.160e-01  1.000e+00  3.160e+00  1.000e+01  3.160e+01  1.000e+02  1.190e+28  1.400e+25  2.910e+20  1.580e+19  1.930e+22  7.510e+29  7.140e+61  1.140e+19 -6.010e+00 -4.800e+00 -3.290e+00 -2.820e+00 -3.540e+00 -5.750e+00 -1.616e+01 -2.560e+00  1.445e+04  1.455e+04  1.385e+04  1.389e+04  1.507e+04  1.734e+04  2.176e+04  1.492e+04  2.000e+00  1.000e+02
 C2H3OO                                                 CH2CO      OH                                           1.000e-02  1.000e-01  3.160e-01  1.000e+00  3.160e+00  1.000e+01  3.160e+01  1.000e+02  1.150e+47  8.430e+09  6.060e+04  1.510e+19  2.130e+33  4.440e+36  1.190e+37  9.080e+35 -1.228e+01 -2.060e+00  1.700e-01 -3.610e+00 -7.390e+00 -7.990e+00 -7.800e+00 -7.210e+00  3.787e+04  1.695e+04  1.720e+04  2.165e+04  2.595e+04  2.749e+04  2.839e+04  2.893e+04  2.000e+00  1.000e+02
 C2H3OO                                                 CH2CO      OH                                           1.000e-02  1.000e-01  3.160e-01  1.000e+00  3.160e+00  1.000e+01  3.160e+01  1.000e+02  2.310e+02  1.830e-23  3.820e+63  3.180e+27  2.320e-05  1.060e-01  5.620e+02  1.110e+07 -7.300e-01  7.840e+00 -2.044e+01 -7.760e+00  3.470e+00  2.640e+00  1.700e+00  5.200e-01  1.293e+04  1.015e+04  2.183e+04  1.872e+04  1.587e+04  1.717e+04  1.833e+04  1.944e+04  2.000e+00  1.000e+02
 C2H3OO                                                 H2CO       HCO                                          1.000e-02  1.000e-01  3.160e-01  1.000e+00  3.160e+00  1.000e+01  3.160e+01  1.000e+02  1.660e174  9.030e+66  1.820e+43  8.640e+33  7.290e171  1.030e+32  1.850e+34  5.700e+29 -5.552e+01 -1.725e+01 -9.870e+00 -6.880e+00 -4.353e+01 -6.060e+00 -6.570e+00 -5.190e+00  3.033e+04  2.419e+04  1.909e+04  1.728e+04  9.648e+04  1.785e+04  1.936e+04  1.850e+04  2.000e+00  1.000e+02
 C2H3OO                                                 H2CO       HCO                                          1.000e-02  1.000e-01  3.160e-01  1.000e+00  3.160e+00  1.000e+01  3.160e+01  1.000e+02  2.270e+35  2.080e+26  1.450e+20  1.060e130  2.350e+34  2.180e175  1.070e185  4.680e+02 -7.970e+00 -4.960e+00 -3.080e+00 -3.938e+01 -6.870e+00 -5.378e+01 -5.422e+01  1.810e+00  1.573e+04  1.447e+04  1.339e+04  2.750e+04  1.795e+04  3.444e+04  4.474e+04  9.100e+03  2.000e+00  1.000e+02
 C2H3OO                                                 CO         CH3O                                         1.000e-02  1.000e-01  3.160e-01  1.000e+00  3.160e+00  1.000e+01  3.160e+01  1.000e+02  5.200e+33  1.260e+98  1.800e+33  3.830e+33  1.280e+79  4.070e+32  6.860e+44  1.000e-10 -7.920e+00 -2.709e+01 -7.270e+00 -7.200e+00 -1.961e+01 -6.620e+00 -1.004e+01  0.000e+00  1.575e+04  3.221e+04  1.697e+04  1.765e+04  3.764e+04  1.871e+04  2.365e+04  0.000e+00  2.000e+00  1.000e+02
 C2H3OO                                                 CO         CH3O                                         1.000e-02  1.000e-01  3.160e-01  1.000e+00  3.160e+00  1.000e+01  3.160e+01  1.000e+02  2.310e129  2.420e+28  8.690e-50  1.190e-39  8.800e+86  1.270e+03  1.970e+17  3.250e+04 -4.186e+01 -5.990e+00  1.663e+01  1.361e+01 -2.308e+01  1.440e+00 -2.230e+00  1.694e+00  2.305e+04  1.535e+04 -1.961e+03 -6.621e+02  3.067e+04  9.382e+03  1.437e+04  1.173e+04  2.000e+00  1.000e+02
 C2H3OH                                                 CH3CHO                                                  1.000e-01  1.000e+00  1.000e+02  7.420e+46  4.420e+42  2.900e+27 -1.056e+01 -9.090e+00 -4.350e+00  3.390e+04  3.372e+04  3.098e+04  2.000e+00  1.000e+02
 O2CH2CHO                                               HO2CH2CO                                                1.000e-02  1.000e-01  1.000e+00  1.000e+01  8.270e+30  1.730e+26  9.030e+19  1.430e+16 -6.650e+00 -4.990e+00 -2.920e+00 -1.670e+00  1.232e+04  1.195e+04  1.115e+04  1.066e+04  2.000e+00  1.000e+02
 O2CH2CHO                                               CH2CO      OOH                                          1.000e-02  1.000e-01  1.000e+00  1.000e+01  2.050e+40  5.720e+45  4.160e+55  1.120e+61 -1.331e+01 -1.400e+01 -1.576e+01 -1.604e+01  2.622e+04  2.624e+04  2.769e+04  3.017e+04  2.000e+00  1.000e+02
 HO2CH2CO                                               CH2CO      OOH                                          1.000e-02  1.000e-01  1.000e+00  1.000e+01  1.120e+07  1.100e+08  9.200e+08  2.090e+09 -3.760e+00 -3.760e+00 -3.730e+00 -3.550e+00  1.090e+04  1.090e+04  1.087e+04  1.067e+04  2.000e+00  1.000e+02
 C2H5OH                                                 C2H4       H2O                                          1.000e-03  1.000e-02  1.000e-01  1.000e+00  1.000e+01  1.000e+02  3.410e+59  2.620e+57  1.650e+52  5.230e+43  4.590e+32  3.840e+20 -1.420e+01 -1.330e+01 -1.150e+01 -8.900e+00 -5.600e+00 -2.060e+00  4.207e+04  4.287e+04  4.261e+04  4.098e+04  3.824e+04  3.492e+04  2.000e+00  1.000e+02
 C2H5OH                                                 CH3        CH2OH                                        1.000e-03  1.000e-02  1.000e-01  1.000e+00  1.000e+01  1.000e+02  1.200e+54  5.180e+59  1.620e+66  5.550e+64  1.550e+58  1.780e+47 -1.290e+01 -1.400e+01 -1.530e+01 -1.450e+01 -1.230e+01 -8.960e+00  5.028e+04  5.023e+04  5.299e+04  5.339e+04  5.318e+04  5.081e+04  2.000e+00  1.000e+02
 C2H5OH                                                 C2H5       OH                                           1.000e-03  1.000e-02  1.000e-01  1.000e+00  1.000e+01  1.000e+02  8.100e+46  1.860e+56  4.650e+63  4.460e+65  2.790e+61  6.170e+51 -1.130e+01 -1.350e+01 -1.500e+01 -1.490e+01 -1.340e+01 -1.030e+01  5.583e+04  5.392e+04  5.511e+04  5.648e+04  5.685e+04  5.527e+04  2.000e+00  1.000e+02
 SC2H4OH                                                CH3CHO     H                                            1.000e-03  1.000e-02  1.000e-01  1.000e+00  1.000e+01  2.000e+01  5.000e+01  1.000e+02  5.690e+52  3.290e+56  8.580e+57  5.360e+55  1.660e+48  8.260e+44  1.010e+40  1.100e+36 -1.338e+01 -1.412e+01 -1.416e+01 -1.315e+01 -1.064e+01 -9.590e+00 -8.060e+00 -6.840e+00  2.265e+04  2.420e+04  2.551e+04  2.609e+04  2.529e+04  2.475e+04  2.385e+04  2.308e+04  2.000e+00  1.000e+02
 SC2H4OH                                                C2H3OH     H                                            1.000e-03  1.000e-02  1.000e-01  1.000e+00  1.000e+01  2.000e+01  5.000e+01  1.000e+02  5.400e+46  1.210e+51  2.870e+54  3.790e+53  6.330e+46  3.870e+43  5.080e+38  5.120e+34 -1.163e+01 -1.255e+01 -1.315e+01 -1.251e+01 -1.020e+01 -9.170e+00 -7.650e+00 -6.410e+00  2.228e+04  2.375e+04  2.549e+04  2.643e+04  2.586e+04  2.536e+04  2.449e+04  2.372e+04  2.000e+00  1.000e+02
 SC2H4OH                                                C2H5O                                                   1.000e-03  1.000e-02  1.000e-01  1.000e+00  1.000e+01  2.000e+01  5.000e+01  1.000e+02  5.480e+45  2.540e+49  1.650e+54  1.810e+55  4.580e+49  4.110e+46  6.680e+41  6.540e+37 -1.163e+01 -1.237e+01 -1.340e+01 -1.331e+01 -1.132e+01 -1.033e+01 -8.830e+00 -7.580e+00  2.229e+04  2.335e+04  2.530e+04  2.671e+04  2.650e+04  2.606e+04  2.524e+04  2.448e+04  2.000e+00  1.000e+02
 SC2H4OH                                                1C2H4OH                                                 1.000e-03  1.000e-02  1.000e-01  1.000e+00  1.000e+01  2.000e+01  5.000e+01  1.000e+02  2.650e+36  3.560e+37  4.140e+39  5.820e+44  4.260e+48  8.840e+47  2.230e+45  1.700e+42 -8.860e+00 -8.890e+00 -9.190e+00 -1.034e+01 -1.106e+01 -1.074e+01 -9.840e+00 -8.830e+00  2.565e+04  2.570e+04  2.610e+04  2.780e+04  2.989e+04  3.012e+04  2.997e+04  2.953e+04  2.000e+00  1.000e+02
 2C2H4OH                                                CH3        H2CO                                         1.000e-02  1.000e-01  1.000e+00  1.000e+01  1.000e+02  7.494e+23  6.921e+28  4.229e+29  6.608e+27  2.659e+29 -4.515e+00 -5.727e+00 -5.610e+00 -4.707e+00 -4.936e+00  1.269e+04  1.382e+04  1.453e+04  1.495e+04  1.598e+04  2.000e+00  1.000e+02
 CH3OCH2O2                                              CH2OCH2O2H                                              1.000e-03  1.000e-02  1.000e+00  2.000e+00  1.000e+01  2.000e+01  5.000e+01  1.000e+02  1.940e+29  4.070e+27  2.520e+25  5.970e+24  4.440e+21  4.520e+19  5.720e+16  3.700e+14 -6.990e+00 -6.160e+00 -4.760e+00 -4.480e+00 -3.380e+00 -2.740e+00 -1.820e+00 -1.130e+00  1.129e+04  1.087e+04  1.141e+04  1.150e+04  1.125e+04  1.096e+04  1.047e+04  1.007e+04  2.000e+00  1.000e+02
 C2O5H5-1                                               HO2CH2OCHO OH                                           1.000e-03  1.000e-02  1.000e+00  2.000e+00  1.000e+01  2.000e+01  5.000e+01  1.000e+02  9.050e+23  6.840e+26  5.070e+16  2.660e+14  1.690e+10  1.110e+09  1.070e+08  3.860e+07 -4.880e+00 -5.320e+00 -1.810e+00 -1.110e+00  1.800e-01  5.400e-01  8.400e-01  9.800e-01  9.455e+03  1.133e+04  1.065e+04  1.021e+04  9.353e+03  9.100e+03  8.879e+03  8.782e+03  2.000e+00  1.000e+02
 CH3OCO                                                 CH3        CO2                                          5.000e-02  1.000e+00  1.000e+01  1.000e+02  9.720e+12  1.250e+16  1.040e+18  8.690e+17 -1.310e+00 -1.830e+00 -2.100e+00 -1.810e+00  4.734e+03  5.702e+03  6.449e+03  6.866e+03  2.000e+00  1.000e+02
 CH3OCO                                                 CH3O       CO                                           5.000e-02  1.000e+00  1.000e+01  1.000e+02  1.030e+03  4.090e+05  9.020e+14  2.825e+22  1.290e+00  8.100e-01 -1.720e+00 -3.440e+00  1.277e+04  1.105e+04  1.094e+04  1.186e+04  2.000e+00  1.000e+02
 C3H6                                                   C2H3       CH3                                          1.000e-02  1.000e-01  1.000e+00  1.000e+01  1.000e+02  1.880e+78  8.730e+76  5.800e+75  8.120e+71  2.150e+64 -1.870e+01 -1.790e+01 -1.720e+01 -1.580e+01 -1.340e+01  6.536e+04  6.637e+04  6.737e+04  6.838e+04  6.787e+04  2.000e+00  1.000e+02
 C3H6                                                   C2H3       CH3                                          1.000e-02  1.000e-01  1.000e+00  1.000e+01  1.000e+02  1.690e+59  2.000e+60  6.700e+54  1.060e+47  7.290e+38 -1.360e+01 -1.370e+01 -1.180e+01 -9.270e+00 -6.700e+00  5.696e+04  5.776e+04  5.723e+04  5.606e+04  5.467e+04  2.000e+00  1.000e+02
 C3H4-A                                                 C3H4-P                                                  1.000e+00  1.000e+01  7.762e+39  4.786e+48 -7.800e+00 -1.000e+01  3.944e+04  4.459e+04  2.000e+00  1.000e+02
 C3H4-P                                                 C3H3       H                                            1.000e+00  1.000e+01  6.480e+30  1.210e+25 -4.655e+00 -2.787e+00  4.722e+04  4.644e+04  2.000e+00  1.000e+02
 C3H4-A                                                 C3H3       H                                            1.000e+00  1.000e+01  1.320e+31  3.650e+25 -4.749e+00 -2.950e+00  4.629e+04  4.556e+04  2.000e+00  1.000e+02
 HCNO                                                   HCN        O3P                                          1.000e-01  1.000e+00  1.000e+01  2.000e+30  4.200e+31  5.900e+31 -6.030e+00 -6.120e+00 -5.850e+00  3.053e+04  3.077e+04  3.114e+04  2.000e+00  1.000e+02
 NCNOH                                                  NCO        NH                                           1.000e-02  3.000e-02  5.000e-02  1.000e-01  3.000e-01  1.000e+00  3.000e+00  1.000e+01  3.000e+01  1.000e+02  2.100e+35  4.000e+35  4.000e+35  8.500e+36  8.600e+34  5.800e+36  1.000e+36  7.100e+34  6.200e+32  1.900e+29 -7.730e+00 -7.670e+00 -7.610e+00 -7.930e+00 -7.200e+00 -7.620e+00 -7.270e+00 -6.810e+00 -6.100e+00 -4.970e+00  2.837e+04  2.859e+04  2.870e+04  2.913e+04  2.911e+04  2.998e+04  3.044e+04  3.099e+04  3.137e+04  3.160e+04  2.000e+00  1.000e+02
 NCNOH                                                  HCN        NO                                           1.000e-02  3.000e-02  5.000e-02  1.000e-01  3.000e-01  1.000e+00  3.000e+00  1.000e+01  3.000e+01  1.000e+02  1.500e+23  1.200e+24  5.400e+24  1.200e+27  1.700e+27  4.200e+30  2.100e+31  3.400e+31  5.300e+30  4.300e+28 -4.810e+00 -4.880e+00 -4.970e+00 -5.530e+00 -5.350e+00 -6.140e+00 -6.140e+00 -5.990e+00 -5.570e+00 -4.780e+00  2.643e+04  2.705e+04  2.740e+04  2.813e+04  2.864e+04  2.979e+04  3.040e+04  3.100e+04  3.140e+04  3.165e+04  2.000e+00  1.000e+02
 H2CNO                                                  HNCO       H                                            1.000e-01  1.000e+00  1.000e+01  6.900e+41  2.300e+42  1.700e+38 -9.300e+00 -9.110e+00 -7.640e+00  2.599e+04  2.707e+04  2.694e+04  2.000e+00  1.000e+02
 CH2NO2                                                 H2CO       NO                                           5.000e-02  1.000e+00  5.000e+11  1.000e+13  0.000e+00  0.000e+00  1.810e+04  1.810e+04  2.000e+00  1.000e+02
 C2H5NO2                                                C2H5       NO2                                          1.000e-02  4.600e-02  1.000e-01  1.000e+00  1.000e+01  3.000e+62  8.900e+64  5.600e+65  2.200e+66  8.600e+63 -1.503e+01 -1.552e+01 -1.564e+01 -1.549e+01 -1.448e+01  3.585e+04  3.696e+04  3.746e+04  3.859e+04  3.899e+04  2.000e+00  1.000e+02
 C2H5NO2                                                C2H4       HNO2                                         1.000e-02  4.600e-02  1.000e-01  1.000e+00  1.000e+01  2.800e+80  1.100e+77  9.700e+74  6.900e+67  1.000e+59 -2.074e+01 -1.955e+01 -1.887e+01 -1.652e+01 -1.371e+01  3.727e+04  3.702e+04  3.682e+04  3.593e+04  3.455e+04  2.000e+00  1.000e+02
 CH2NH2                                                 CH2NH      H                                            1.000e-01  1.000e+00  1.000e+01  1.100e+45  2.400e+48  3.200e+46 -1.024e+01 -1.082e+01 -9.950e+00  2.404e+04  2.616e+04  2.691e+04  2.000e+00  1.000e+02
 CH3NH                                                  CH2NH      H                                            1.000e-01  1.000e+00  1.000e+01  1.600e+36  1.300e+42  2.300e+44 -7.920e+00 -9.240e+00 -9.510e+00  1.827e+04  2.078e+04  2.275e+04  2.000e+00  1.000e+02
 H2CN                                                   HCN        H                                            1.000e-01  1.000e+00  1.000e+01  1.300e+29  6.000e+31  3.500e+29 -6.030e+00 -6.460e+00 -5.460e+00  1.503e+04  1.614e+04  1.636e+04  2.000e+00  1.000e+02
 HCNH                                                   HCN        H                                            1.000e-01  1.000e+00  1.000e+01  7.700e+25  6.100e+28  6.200e+26 -5.200e+00 -5.690e+00 -4.770e+00  1.105e+04  1.220e+04  1.248e+04  2.000e+00  1.000e+02
