 CH3        OH                                          1CH2       H2O                                          1.000e-02  1.000e-01  1.000e+00  1.000e+01  1.000e+02  8.199e-10  2.005e-09  8.774e-07  7.953e-01  1.401e-04 -6.690e-01 -7.780e-01 -1.518e+00 -3.155e+00 -1.962e+00 -2.241e+02 -8.829e+01  8.909e+02  3.521e+03  4.145e+03  2.000e+00  1.000e+02
 CH3        OH                                          H2CO       H2                                           1.000e-02  1.000e-01  1.000e+00  1.000e+01  1.000e+02  5.817e-19  1.471e-18  2.741e-17  8.927e-15  1.577e-05  1.441e+00  1.327e+00  9.730e-01  2.870e-01 -2.199e+00 -1.631e+03 -1.496e+03 -1.011e+03  1.408e+02  4.912e+03  2.000e+00  1.000e+02
 CH3        OH                                          CH2OH      H                                            1.000e-02  1.000e-01  1.000e+00  1.000e+01  1.000e+02  2.693e-14  3.002e-14  7.784e-14  2.533e-11  5.963e-10  9.650e-01  9.500e-01  8.330e-01  1.340e-01 -1.860e-01  1.616e+03  1.632e+03  1.793e+03  2.836e+03  4.324e+03  2.000e+00  1.000e+02
 CH3        OH                                          H          CH3O                                         1.000e-02  1.000e-01  1.000e+00  1.000e+01  1.000e+02  1.970e-15  1.973e-15  2.043e-15  2.987e-15  8.708e-14  1.016e+00  1.016e+00  1.011e+00  9.650e-01  5.510e-01  6.003e+03  6.003e+03  6.008e+03  6.063e+03  6.571e+03  2.000e+00  1.000e+02
 CH3        OH                                          HCOH       H2                                           1.000e-02  1.000e-01  1.000e+00  1.000e+01  1.000e+02  1.441e-15  5.174e-15  2.586e-13  2.831e-03  1.204e-03  7.870e-01  6.300e-01  1.560e-01 -2.641e+00 -2.402e+00 -1.531e+03 -1.342e+03 -6.878e+02  3.224e+03  4.846e+03  2.000e+00  1.000e+02
 CH3        CH3                                         H          C2H5                                         1.000e-02  1.000e-01  1.000e+00  1.000e+01  1.000e+02  7.874e-12  4.269e-11  5.150e-10  3.571e-14  1.714e-22  1.050e-01 -9.600e-02 -3.620e-01  8.850e-01  3.230e+00  5.362e+03  5.735e+03  6.723e+03  6.804e+03  5.649e+03  2.000e+00  1.000e+02
 C2H5       O2                                          C2H5OO                                                  4.000e-02  1.000e+00  1.000e+01  5.645e+29  1.555e+36  2.096e+36 -1.390e+01 -1.528e+01 -1.491e+01  4.665e+03  7.159e+03  8.165e+03  2.000e+00  1.000e+02
 C2H5       O2                                          C2H4OOH                                                 4.000e-02  1.000e+00  1.000e+01  3.493e+10  8.113e+09  2.832e+21 -9.010e+00 -8.310e+00 -1.149e+01  2.737e+03  3.876e+03  7.335e+03  2.000e+00  1.000e+02
 C2H5       O2                                          C2H4       OOH                                          4.000e-02  1.000e+00  1.000e+01  3.478e-15  3.061e-17  1.256e-09  4.900e-01  1.130e+00 -1.010e+00 -1.968e+02 -3.623e+02  2.388e+03  2.000e+00  1.000e+02
 C2H5       O2                                          cC2H4O     OH                                           4.000e-02  1.000e+00  1.000e+01  2.164e-21  4.050e-22  7.676e-15  1.930e+00  2.180e+00  1.500e-01 -2.527e+02 -3.142e+01  2.719e+03  2.000e+00  1.000e+02
 C2H5       O2                                          CH3CHO     OH                                           4.000e-02  1.000e+00  1.000e+01  8.153e-30  1.130e-25  1.373e-21  4.760e+00  3.570e+00  2.410e+00  1.279e+02  1.329e+03  2.657e+03  2.000e+00  1.000e+02
 C2H4       OH                                          CH3        H2CO                                         1.000e-02  2.500e-02  1.000e-01  1.000e+00  1.000e+01  1.000e+02  8.887e-24  5.299e-23  9.219e-22  2.957e-19  3.937e-15  4.585e-11  2.920e+00  2.710e+00  2.360e+00  1.680e+00  5.600e-01 -5.000e-01 -8.711e+02 -5.894e+02 -9.090e+01  1.036e+03  3.020e+03  5.759e+03  2.000e+00  1.000e+02
 C2H4       OH                                          CH3CHO     H                                            1.000e-02  2.500e-02  1.000e-01  1.000e+00  1.000e+01  1.000e+02  3.937e-31  1.450e-28  6.694e-25  3.953e-26  1.370e-15  1.130e-14  5.300e+00  4.570e+00  3.540e+00  3.910e+00  1.010e+00  8.100e-01 -1.031e+03 -3.107e+02  9.461e+02  8.661e+02  5.283e+03  6.972e+03  2.000e+00  1.000e+02
 C2H4       OH                                          C2H3OH     H                                            1.000e-02  2.500e-02  1.000e-01  1.000e+00  1.000e+01  1.000e+02  1.728e-20  1.777e-20  2.525e-20  5.299e-19  3.223e-16  1.420e-13  2.600e+00  2.600e+00  2.560e+00  2.190e+00  1.430e+00  7.500e-01  2.072e+03  2.076e+03  2.131e+03  2.642e+03  3.936e+03  5.777e+03  2.000e+00  1.000e+02
 C2H4       OH                                          1C2H4OH                                                 1.000e-02  2.500e-02  1.000e-01  1.000e+00  1.000e+01  1.000e+02  2.890e+19  5.399e+13  3.056e+11  4.252e+12  6.146e+09  1.860e+02 -1.046e+01 -8.629e+00 -7.750e+00 -7.752e+00 -6.573e+00 -4.101e+00  3.871e+03  2.622e+03  2.468e+03  3.492e+03  3.824e+03  2.894e+03  2.000e+00  1.000e+02
 C2H3       O2                                          C2H3OO                                                  1.000e-02  1.000e-01  3.160e-01  1.000e+00  3.160e+00  1.000e+01  3.160e+01  1.000e+02  2.575e+00  5.781e+32  2.076e+40  5.548e+37  1.219e+30  6.910e+24  3.870e+19  5.664e+15 -5.450e+00 -1.501e+01 -1.697e+01 -1.579e+01 -1.311e+01 -1.121e+01 -9.380e+00 -8.040e+00  4.858e+03  9.633e+03  1.070e+04  1.013e+04  8.698e+03  8.044e+03  7.446e+03  7.220e+03  2.000e+00  1.000e+02
 C2H3       O2                                          C2H3OO                                                  1.000e-02  1.000e-01  3.160e-01  1.000e+00  3.160e+00  1.000e+01  3.160e+01  1.000e+02  2.957e-33  3.920e-02  3.322e+02  1.018e+05  3.555e+05  5.781e+04  5.515e+03  1.711e+03  4.150e+00 -4.520e+00 -5.430e+00 -5.890e+00 -5.800e+00 -5.370e+00 -4.950e+00 -4.720e+00 -2.367e+03  1.427e+03  1.370e+03  1.586e+03  1.770e+03  1.828e+03  1.815e+03  1.850e+03  2.000e+00  1.000e+02
 C2H3       O2                                          CHCHO      OH                                           1.000e-02  1.000e-01  3.160e-01  1.000e+00  3.160e+00  1.000e+01  3.160e+01  1.000e+02  6.495e-13  1.877e-15  1.405e-15  4.568e-10  4.286e-04  1.525e-09  1.015e+02  2.741e+06 -1.100e-01  5.500e-01  5.600e-01 -1.830e+00 -2.840e+00 -2.260e+00 -4.210e+00 -5.350e+00  1.071e+03  2.313e+01  3.519e-01  2.313e+00  3.786e+03 -2.011e-01  6.561e+03  9.266e+03  2.000e+00  1.000e+02
 C2H3       O2                                          CHCHO      OH                                           1.000e-02  1.000e-01  3.160e-01  1.000e+00  3.160e+00  1.000e+01  3.160e+01  1.000e+02  1.646e-12  1.153e-09  4.635e-11  8.289e-13  3.904e-14  2.824e-10  2.359e-13  5.266e-13 -6.600e-01 -1.160e+00 -7.200e-01 -1.400e-01  2.300e-01 -8.200e-01  5.000e-02 -2.000e-02 -3.017e-01  2.284e+03  1.749e+03  1.003e+03  7.909e+02  2.237e+03  1.897e+03  2.684e+03  2.000e+00  1.000e+02
 C2H3       O2                                          CH2CHO     O3P                                          1.000e-02  1.000e-01  3.160e-01  1.000e+00  3.160e+00  1.000e+01  3.160e+01  1.000e+02  1.309e-03  1.282e-03  1.640e-03  1.179e-03  7.475e-04  2.924e-01  5.216e+01  1.694e+02 -2.670e+00 -2.670e+00 -2.700e+00 -2.650e+00 -2.530e+00 -3.220e+00 -3.770e+00 -3.800e+00  3.390e+03  3.375e+03  3.381e+03  3.262e+03  3.221e+03  4.373e+03  5.797e+03  6.993e+03  2.000e+00  1.000e+02
 C2H3       O2                                          CH2CHO     O3P                                          1.000e-02  1.000e-01  3.160e-01  1.000e+00  3.160e+00  1.000e+01  3.160e+01  1.000e+02  2.259e-14  2.359e-14  2.757e-14  3.355e-14  1.620e-14  1.219e-14  2.608e-15  1.304e-16  6.200e-01  6.200e-01  6.000e-01  5.800e-01  6.700e-01  7.200e-01  9.200e-01  1.280e+00 -1.396e+02 -1.245e+02 -8.170e+01  1.931e+01  1.247e+02  3.912e+02  6.129e+02  7.044e+02  2.000e+00  1.000e+02
 C2H3       O2                                          C2H2       OOH                                          1.000e-02  1.000e-01  3.160e-01  1.000e+00  3.160e+00  1.000e+01  3.160e+01  1.000e+02  1.794e-17  1.287e-17  2.010e-17  3.571e-17  1.877e-16  2.176e-13  1.977e-15  1.761e-07  1.280e+00  1.330e+00  1.270e+00  1.190e+00  1.000e+00  1.200e-01  8.200e-01 -1.450e+00  1.670e+03  1.617e+03  1.665e+03  1.693e+03  1.858e+03  2.952e+03  2.824e+03  6.149e+03  2.000e+00  1.000e+02
 C2H3       O2                                          C2H2       OOH                                          1.000e-02  1.000e-01  3.160e-01  1.000e+00  3.160e+00  1.000e+01  3.160e+01  1.000e+02  7.907e-23  8.571e-23  9.219e-23  7.641e-23  6.229e-24  9.103e-24  7.425e-16  3.355e-23  2.750e+00  2.730e+00  2.730e+00  2.760e+00  3.070e+00  3.070e+00  0.000e+00  2.940e+00 -4.004e+02 -3.863e+02 -3.311e+02 -2.478e+02 -3.022e+02  4.309e+01  4.801e+02  9.286e+02  2.000e+00  1.000e+02
 C2H3       O2                                          CHOCHO     H                                            1.000e-02  1.000e-01  3.160e-01  1.000e+00  3.160e+00  1.000e+01  3.160e+01  1.000e+02  7.957e-10  8.355e-10  1.068e-09  6.196e-09  4.053e-06  2.159e-09  5.930e+09  5.449e+07 -1.030e+00 -1.040e+00 -1.070e+00 -1.290e+00 -2.130e+00 -1.090e+00 -6.500e+00 -5.760e+00  4.585e+02  4.638e+02  4.942e+02  7.245e+02  1.626e+03  1.203e+03  7.496e+03  8.170e+03  2.000e+00  1.000e+02
 C2H3       O2                                          CHOCHO     H                                            1.000e-02  1.000e-01  3.160e-01  1.000e+00  3.160e+00  1.000e+01  3.160e+01  1.000e+02  4.651e-28  5.731e-28  1.616e-27  8.272e-25  2.226e-19  7.475e-09  6.379e-14  4.568e-16  4.040e+00  4.010e+00  3.890e+00  3.150e+00  1.670e+00 -3.080e+00  2.200e-01  8.300e-01 -3.529e+03 -3.508e+03 -3.403e+03 -2.763e+03 -1.474e+03 -2.431e+03  4.733e+02  4.312e+02  2.000e+00  1.000e+02
 C2H3       O2                                          CH2CO      OH                                           1.000e-02  1.000e-01  3.160e-01  1.000e+00  3.160e+00  1.000e+01  3.160e+01  1.000e+02  1.439e-21  1.480e-21  1.566e-21  1.761e-21  1.811e-21  2.309e-21  4.136e-18  2.757e-14  2.410e+00  2.410e+00  2.400e+00  2.390e+00  2.380e+00  2.360e+00  1.420e+00  3.600e-01  3.047e+03  3.056e+03  3.073e+03  3.107e+03  3.107e+03  3.054e+03  4.263e+03  6.038e+03  2.000e+00  1.000e+02
 C2H3       O2                                          CH2CO      OH                                           1.000e-02  1.000e-01  3.160e-01  1.000e+00  3.160e+00  1.000e+01  3.160e+01  1.000e+02  3.023e-25  3.439e-25  4.502e-25  8.738e-25  2.276e-24  6.960e-25  1.977e-28  2.159e-27  3.120e+00  3.110e+00  3.080e+00  3.010e+00  2.900e+00  2.930e+00  4.210e+00  3.970e+00  6.692e+02  6.953e+02  7.521e+02  8.934e+02  1.119e+03  1.032e+03  1.027e+03  1.716e+03  2.000e+00  1.000e+02
 C2H3       O2                                          H2CO       HCO                                          1.000e-02  1.000e-01  3.160e-01  1.000e+00  3.160e+00  1.000e+01  3.160e+01  1.000e+02  4.136e+12  4.037e+12  3.239e+12  4.535e+11  2.375e+12  8.605e+11  5.299e-04  4.535e+09 -7.600e+00 -7.600e+00 -7.570e+00 -7.320e+00 -7.470e+00 -7.200e+00 -2.570e+00 -6.280e+00  6.355e+03  6.340e+03  6.280e+03  5.943e+03  6.264e+03  6.752e+03  2.804e+03  8.044e+03  2.000e+00  1.000e+02
 C2H3       O2                                          H2CO       HCO                                          1.000e-02  1.000e-01  3.160e-01  1.000e+00  3.160e+00  1.000e+01  3.160e+01  1.000e+02  7.542e-09  7.625e-09  7.990e-09  1.010e-08  1.570e-08  4.252e-09  1.711e+45  6.993e-14 -1.280e+00 -1.280e+00 -1.290e+00 -1.310e+00 -1.360e+00 -1.180e+00 -1.923e+01  1.900e-01  2.591e+02  2.579e+02  2.617e+02  3.246e+02  5.359e+02  7.185e+02  7.421e+03  4.176e+02  2.000e+00  1.000e+02
 C2H3       O2                                          CO         CH3O                                         1.000e-02  1.000e-01  3.160e-01  1.000e+00  3.160e+00  1.000e+01  3.160e+01  1.000e+02  1.360e-05  6.744e-10  7.209e-10  1.711e-13  3.140e-12  3.206e+00  1.827e-06  9.618e+08 -2.660e+00 -1.320e+00 -1.330e+00 -3.300e-01 -3.000e+00 -5.630e+00 -2.220e+00 -6.450e+00  1.609e+03  4.454e+02  4.528e+02 -3.760e+02 -4.522e+03  9.050e-01  2.603e+03  8.452e+03  2.000e+00  1.000e+02
 C2H3       O2                                          CO         CH3O                                         1.000e-02  1.000e-01  3.160e-01  1.000e+00  3.160e+00  1.000e+01  3.160e+01  1.000e+02  2.143e-15  9.950e-13  4.834e-13  9.585e-03  8.289e-09  1.550e-07  1.694e+48  1.827e-15  1.800e-01 -2.930e+00 -2.930e+00 -3.540e+00 -1.620e+00 -1.960e+00 -2.069e+01  3.100e-01 -8.632e+02 -4.808e+03 -5.088e+03  2.399e+03  9.296e+02  1.671e+03  7.974e+03  5.148e+02  2.000e+00  1.000e+02
 C2H3       O2                                          CO2        CH3                                          1.000e-02  1.000e-01  3.160e-01  1.000e+00  3.160e+00  1.000e+01  3.160e+01  1.000e+02  3.937e+11  2.874e+11  7.425e+10  1.204e+08  6.030e+11  3.472e+11  6.379e-06  2.010e+08 -7.760e+00 -7.720e+00 -7.550e+00 -6.700e+00 -7.750e+00 -7.530e+00 -2.440e+00 -6.320e+00  6.350e+03  6.295e+03  6.104e+03  5.249e+03  6.450e+03  7.064e+03  2.719e+03  8.140e+03  2.000e+00  1.000e+02
 C2H3       O2                                          CO2        CH3                                          1.000e-02  1.000e-01  3.160e-01  1.000e+00  3.160e+00  1.000e+01  3.160e+01  1.000e+02  1.042e-10  1.037e-10  1.017e-10  8.837e-11  2.409e-10  8.339e-11  2.326e+46  1.530e-15 -1.160e+00 -1.160e+00 -1.160e+00 -1.140e+00 -1.260e+00 -1.110e+00 -2.011e+01  2.500e-01  2.043e+02  2.018e+02  1.996e+02  2.246e+02  4.966e+02  7.084e+02  7.758e+03  4.300e+02  2.000e+00  1.000e+02
 C2H2       OH                                          HCCOH      H                                            1.000e-02  2.500e-02  1.000e-01  1.000e+00  1.000e+01  1.000e+02  4.651e-19  1.240e-18  2.950e-18  4.012e-18  5.332e-18  1.220e-17  2.280e+00  2.160e+00  2.040e+00  2.000e+00  1.970e+00  1.890e+00  6.244e+03  6.310e+03  6.370e+03  6.390e+03  6.440e+03  6.838e+03  2.000e+00  1.000e+02
 C2H2       OH                                          CH2CO      H                                            1.000e-02  2.500e-02  1.000e-01  1.000e+00  1.000e+01  1.000e+02  2.621e-21  2.522e-20  5.012e-19  1.250e-17  8.473e-18  2.420e-20  2.560e+00  2.280e+00  1.920e+00  1.550e+00  1.650e+00  2.450e+00 -4.246e+02 -1.469e+02  3.007e+02  1.059e+03  1.709e+03  2.251e+03  2.000e+00  1.000e+02
 C2H2       OH                                          CH3        CO                                           1.000e-02  2.500e-02  1.000e-01  1.000e+00  1.000e+01  1.000e+02  7.902e-19  7.262e-18  1.270e-16  2.121e-15  7.163e-16  1.370e-18  1.680e+00  1.400e+00  1.050e+00  7.300e-01  9.200e-01  1.770e+00 -1.658e+02  1.139e+02  5.606e+02  1.297e+03  1.878e+03  2.361e+03  2.000e+00  1.000e+02
 C2H2       OH                                          C2H2OH                                                  1.000e-02  2.500e-02  1.000e-01  1.000e+00  1.000e+01  1.000e+02  6.500e+08  1.772e+08  2.734e+08  2.304e+07  4.804e+05  2.271e+01 -7.126e+00 -6.847e+00 -6.717e+00 -6.087e+00 -5.288e+00 -3.754e+00  2.928e+03  2.769e+03  2.927e+03  3.192e+03  3.547e+03  3.290e+03  2.000e+00  1.000e+02
 CH2CHO     O2                                          O2CH2CHO                                                1.000e-02  1.000e-01  1.000e+00  1.000e+01  2.625e+53  6.445e+45  1.296e+36  5.066e+26 -2.190e+01 -1.884e+01 -1.540e+01 -1.220e+01  9.729e+03  9.673e+03  8.874e+03  7.858e+03  2.000e+00  1.000e+02
 CH2CHO     O2                                          CH2CO      OOH                                          1.000e-02  1.000e-01  1.000e+00  1.000e+01  3.123e-19  3.123e-19  4.169e-19  1.171e-16  2.370e+00  2.370e+00  2.330e+00  1.630e+00  1.193e+04  1.376e+04  1.197e+04  1.271e+04  2.000e+00  1.000e+02
 CH2CHO     O2                                          HO2CH2CO                                                1.000e-02  1.000e-01  1.000e+00  1.000e+01  6.047e+41  6.047e+34  1.105e+25  7.973e+14 -2.187e+01 -1.900e+01 -1.555e+01 -1.214e+01  9.563e+03  9.598e+03  8.778e+03  7.521e+03  2.000e+00  1.000e+02
 SC2H4OH    O2                                          CH3CHO     OOH                                          1.000e-02  1.000e-01  1.000e+00  1.000e+01  1.000e+02  8.738e-07  8.738e-07  8.771e-07  2.558e-06  6.279e-04 -1.637e+00 -1.637e+00 -1.638e+00 -1.771e+00 -2.429e+00  4.213e+02  4.213e+02  4.218e+02  5.631e+02  1.554e+03  2.000e+00  1.000e+02
 SC2H4OH    O2                                          C2H3OH     OOH                                          1.000e-02  1.000e-01  1.000e+00  1.000e+01  1.000e+02  8.505e-22  8.854e-22  1.266e-21  1.482e-20  7.276e-19  2.496e+00  2.490e+00  2.446e+00  2.146e+00  1.699e+00 -2.081e+02 -2.021e+02 -1.488e+02  2.363e+02  1.171e+03  2.000e+00  1.000e+02
 2C2H4OH    O2                                          CH3OCH2O2                                               1.000e-03  1.000e-02  1.000e+00  2.000e+00  1.000e+01  2.000e+01  5.000e+01  1.000e+02  1.860e-06  2.209e-03  1.877e+04  6.495e+03  4.568e+00  4.934e-02  8.621e-05  9.020e-07 -3.370e+00 -3.950e+00 -5.240e+00 -5.000e+00 -3.870e+00 -3.230e+00 -2.350e+00 -1.730e+00 -2.159e+03 -1.315e+03  2.055e+03  2.268e+03  2.157e+03  1.901e+03  1.462e+03  1.111e+03  2.000e+00  1.000e+02
 2C2H4OH    O2                                          CH2OCH2O2H                                              1.000e-03  1.000e-02  1.000e+00  2.000e+00  1.000e+01  2.000e+01  5.000e+01  1.000e+02  8.439e-04  9.086e-01  4.668e+04  8.621e+03  1.606e+01  6.777e-01  8.439e-03  2.691e-04 -4.390e+00 -4.960e+00 -5.630e+00 -5.330e+00 -4.360e+00 -3.900e+00 -3.280e+00 -2.810e+00  2.358e+02  1.098e+03  3.946e+03  4.095e+03  4.232e+03  4.270e+03  4.316e+03  4.333e+03  2.000e+00  1.000e+02
 CH2OCH2O2H O2                                          C2O5H5-1                                                1.000e-03  1.000e-02  1.000e+00  2.000e+00  1.000e+01  2.000e+01  5.000e+01  1.000e+02  1.565e-11  1.355e-07  1.761e-02  5.781e-04  4.751e-08  1.420e-09  4.452e-11  8.090e-12 -1.680e+00 -2.500e+00 -3.300e+00 -2.790e+00 -1.480e+00 -1.010e+00 -5.400e-01 -3.200e-01 -2.513e+03 -1.384e+03  1.704e+03  1.574e+03  9.417e+02  6.596e+02  3.655e+02  2.152e+02  2.000e+00  1.000e+02
 CH2OCH2O2H O2                                          HO2CH2OCHO OH                                           1.000e-03  1.000e-02  1.000e+00  2.000e+00  1.000e+01  2.000e+01  5.000e+01  1.000e+02  9.801e-04  3.422e-01  7.392e+05  4.053e+04  1.565e+00  1.728e-02  1.154e-04  6.578e-06 -2.880e+00 -3.590e+00 -5.290e+00 -4.920e+00 -3.680e+00 -3.160e+00 -2.600e+00 -2.310e+00  1.626e+03  2.572e+03  6.431e+03  6.481e+03  6.058e+03  5.784e+03  5.461e+03  5.279e+03  2.000e+00  1.000e+02
 C3H4-A     H                                           C3H4-P     H                                            1.000e-03  3.900e-02  1.000e+00  1.000e+01  1.000e+02  1.410e-13  2.458e-11  4.120e-09  3.904e+01  1.694e+00  8.900e-01  2.600e-01 -3.300e-01 -3.230e+00 -2.670e+00  1.258e+03  2.063e+03  3.236e+03  6.619e+03  7.819e+03  2.000e+00  1.000e+02
 C3H4-A     H                                           C3H4-P     H                                            1.000e-03  3.900e-02  1.000e+00  1.000e+01  1.000e+02  1.661e-34  1.661e-34  1.661e-34  2.973e-17  7.691e-20  0.000e+00  0.000e+00  0.000e+00  1.980e+00  2.620e+00  0.000e+00  0.000e+00  0.000e+00  2.273e+03  2.245e+03  2.000e+00  1.000e+02
 C3H4-A     H                                           CH3        C2H2                                         1.000e-03  3.900e-02  1.000e+00  1.000e+01  1.000e+02  2.043e-16  4.518e-15  2.093e-04  2.791e-08  2.276e-07  1.530e+00  1.200e+00 -1.830e+00 -6.000e-01 -7.900e-01  2.382e+03  3.436e+03  7.543e+03  7.418e+03  8.850e+03  2.000e+00  1.000e+02
 C3H4-A     H                                           CH3        C2H2                                         1.000e-03  3.900e-02  1.000e+00  1.000e+01  1.000e+02  1.661e-34  1.661e-34  2.043e-20  5.498e-16  2.126e-18  0.000e+00  0.000e+00  2.680e+00  1.140e+00  1.710e+00  0.000e+00  0.000e+00  3.185e+03  4.468e+03  4.914e+03  2.000e+00  1.000e+02
 C3H4-P     H                                           CH3        C2H2                                         1.000e-03  3.900e-02  1.000e+00  1.000e+01  1.000e+02  4.053e-14  6.462e-14  5.748e-12  2.857e-10  3.156e-09  1.040e+00  9.890e-01  4.420e-01 -1.000e-02 -2.900e-01  2.001e+03  2.068e+03  2.747e+03  3.587e+03  4.176e+03  2.000e+00  1.000e+02
 CH         N2                                          H          NCN                                          1.000e-02  3.000e-02  1.000e-01  3.000e-01  1.000e+00  3.000e+00  1.000e+01  3.000e+01  1.000e+02  9.801e-16  9.801e-16  1.030e-15  1.495e-15  4.153e-15  1.528e-14  4.983e-14  6.312e-14  1.578e-14  1.060e+00  1.060e+00  1.050e+00  1.010e+00  8.900e-01  7.500e-01  6.200e-01  6.200e-01  8.100e-01  8.024e+03  8.019e+03  8.024e+03  8.105e+03  8.356e+03  8.753e+03  9.291e+03  9.784e+03  1.023e+04  2.000e+00  1.000e+02
 CH         N2                                          HCNN                                                    1.000e-02  3.000e-02  1.000e-01  3.000e-01  1.000e+00  3.000e+00  1.000e+01  3.000e+01  1.000e+02  9.967e-01  1.213e+00  1.213e+00  7.973e-01  2.326e-01  2.824e-02  1.130e-03  2.990e-05  5.150e-07 -4.410e+00 -4.300e+00 -4.170e+00 -4.000e+00 -3.740e+00 -3.380e+00 -2.900e+00 -2.370e+00 -1.780e+00  7.245e+03  7.421e+03  7.642e+03  7.828e+03  7.954e+03  7.964e+03  7.888e+03  7.758e+03  7.662e+03  2.000e+00  1.000e+02
 H          NCN                                         HCNN                                                    1.000e-02  3.000e-02  1.000e-01  3.000e-01  1.000e+00  3.000e+00  1.000e+01  3.000e+01  1.000e+02  6.478e-01  5.482e+01  9.302e+03  2.824e+05  2.492e+06  4.319e+06  1.993e+06  3.156e+05  8.472e+03 -4.340e+00 -4.710e+00 -5.130e+00 -5.360e+00 -5.430e+00 -5.340e+00 -5.090e+00 -4.720e+00 -4.150e+00  2.688e+03  2.062e+03  1.881e+03  1.984e+03  2.220e+03  2.448e+03  2.652e+03  2.753e+03  2.700e+03  2.000e+00  1.000e+02
 NCN        H                                           HCN        N4S                                          1.000e-02  3.000e-02  1.000e-01  3.000e-01  1.000e+00  3.000e+00  1.000e+01  3.000e+01  1.000e+02  3.654e-13  3.654e-13  3.654e-13  3.654e-13  3.654e-13  3.654e-13  3.654e-13  3.821e-13  4.153e-13  7.100e-01  7.100e-01  7.100e-01  7.100e-01  7.100e-01  7.100e-01  7.100e-01  7.000e-01  6.900e-01  2.675e+03  2.675e+03  2.675e+03  2.675e+03  2.675e+03  2.675e+03  2.676e+03  2.678e+03  2.700e+03  2.000e+00  1.000e+02
 NCN        H                                           HNC        N4S                                          1.000e-02  3.000e-02  1.000e-01  3.000e-01  1.000e+00  3.000e+00  1.000e+01  3.000e+01  1.000e+02  6.478e-28  6.478e-28  6.645e-28  6.645e-28  7.143e-28  8.140e-28  1.179e-27  2.824e-27  1.595e-26  4.700e+00  4.700e+00  4.700e+00  4.700e+00  4.690e+00  4.670e+00  4.620e+00  4.520e+00  4.320e+00  1.227e+03  1.227e+03  1.227e+03  1.226e+03  1.224e+03  1.218e+03  1.211e+03  1.318e+03  1.831e+03  2.000e+00  1.000e+02
 NCN        OH                                          NCNOH                                                   1.000e-02  3.000e-02  5.000e-02  1.000e-01  3.000e-01  1.000e+00  3.000e+00  1.000e+01  3.000e+01  1.000e+02  2.658e+07  4.817e+07  6.312e+07  3.654e+08  2.658e+08  2.990e+08  8.970e+07  1.080e+07  3.654e+05  2.492e+03 -6.650e+00 -6.590e+00 -6.550e+00 -6.700e+00 -6.510e+00 -6.370e+00 -6.080e+00 -5.670e+00 -5.110e+00 -4.350e+00  1.367e+03  1.478e+03  1.529e+03  1.720e+03  1.799e+03  1.973e+03  2.064e+03  2.120e+03  2.054e+03  1.856e+03  2.000e+00  1.000e+02
 NCN        OH                                          NCO        NH                                           1.000e-02  3.000e-02  5.000e-02  1.000e-01  3.000e-01  1.000e+00  3.000e+00  1.000e+01  3.000e+01  1.000e+02  1.429e-09  4.319e-09  8.970e-09  2.824e-08  2.326e-07  2.824e-06  1.661e-05  3.654e-05  1.063e-05  1.047e-07 -9.500e-01 -1.080e+00 -1.170e+00 -1.300e+00 -1.550e+00 -1.830e+00 -2.030e+00 -2.080e+00 -1.880e+00 -1.250e+00  3.690e+02  5.671e+02  6.993e+02  9.266e+02  1.403e+03  2.083e+03  2.819e+03  3.690e+03  4.458e+03  5.138e+03  2.000e+00  1.000e+02
 NCN        OH                                          HCN        NO                                           1.000e-02  3.000e-02  5.000e-02  1.000e-01  3.000e-01  1.000e+00  3.000e+00  1.000e+01  3.000e+01  1.000e+02  4.817e-19  1.146e-18  1.993e-18  4.817e-18  3.156e-17  4.319e-16  6.811e-15  1.179e-13  6.478e-13  4.319e-13  2.040e+00  1.940e+00  1.870e+00  1.760e+00  1.540e+00  1.220e+00  8.900e-01  5.600e-01  3.800e-01  4.800e-01  7.567e+02  8.788e+02  9.563e+02  1.087e+03  1.371e+03  1.806e+03  2.325e+03  3.009e+03  3.685e+03  4.351e+03  2.000e+00  1.000e+02
 CH3        NH2                                         CH3NH2                                                  1.000e-01  1.000e+00  1.000e+01  2.159e+30  8.472e+28  2.658e+23 -1.272e+01 -1.199e+01 -1.015e+01  7.847e+03  8.441e+03  7.887e+03  2.000e+00  1.000e+02
 CH3        NH2                                         CH2NH2     H                                            1.000e-01  1.000e+00  1.000e+01  1.827e-11  2.326e-10  1.229e-11 -1.300e-01 -4.300e-01  0.000e+00  4.980e+03  5.584e+03  6.069e+03  2.000e+00  1.000e+02
 CH3        NH2                                         CH3NH      H                                            1.000e-01  1.000e+00  1.000e+01  1.993e-11  7.309e-11  2.326e-10 -1.500e-01 -3.100e-01 -4.200e-01  8.117e+03  8.367e+03  8.981e+03  2.000e+00  1.000e+02
 CH3        NH2                                         CH2NH      H2                                           1.000e-01  1.000e+00  1.000e+01  3.488e-13  7.973e-13  4.817e-12 -1.000e-01 -2.000e-01 -4.000e-01  9.600e+03  9.755e+03  1.031e+04  2.000e+00  1.000e+02
 H2CN       OH                                          HCN        H2O                                          1.000e-01  1.000e+00  1.000e+01  3.488e-07  2.492e-05  1.578e-02 -1.680e+00 -2.180e+00 -2.910e+00  1.599e+02  1.089e+03  2.832e+03  2.000e+00  1.000e+02
 H2CN       OH                                          HCN        H2O                                          1.000e-01  1.000e+00  1.000e+01  1.993e-18  1.993e-18  1.993e-18  2.000e+00  2.000e+00  2.000e+00 -5.993e+02 -5.993e+02 -5.993e+02  2.000e+00  1.000e+02
