   1.0  1.83180e+09
   2.0  1.15769e+09
   3.0  1.13806e+09
   4.0  1.34295e+09
   5.0  8.21331e+08
   6.0  7.83782e+08
   7.0  8.78243e+08
   8.0  1.00658e+09
   9.0  1.14477e+09
  10.0  1.05797e+09
  11.0  9.52005e+08
  12.0  1.22348e+09
  13.0  1.41711e+09
  14.0  1.55939e+09
  15.0  8.50514e+08
  16.0  1.72890e+09
  17.0  3.37850e+09
  18.0  4.03647e+09
  19.0  5.40761e+09
  20.0  4.04703e+09
  21.0  4.24405e+09
  22.0  3.53265e+09
  23.0  2.10315e+09
  24.0  3.47102e+09
  25.0  6.04810e+09
  26.0  3.42890e+09
  27.0  3.53435e+09
  28.0  1.17575e+10
  29.0  1.57660e+09
  30.0  1.64191e+10
  31.0  2.40462e+09
  32.0  1.41945e+09
  33.0  1.16120e+10
  34.0  2.65764e+09
  35.0  4.70160e+09
  36.0  6.55709e+09
  37.0  2.85467e+09
  38.0  1.36513e+09
  39.0  1.35095e+09
  40.0  1.87777e+09
  41.0  2.90363e+09
  42.0  1.78143e+09
  43.0  1.50744e+09
  44.0  1.37918e+09
  45.0  1.61399e+09
  46.0  1.83821e+09
  47.0  7.25964e+08
  48.0  1.51912e+09
  49.0  3.80456e+09
  50.0  3.05827e+09
  51.0  2.62008e+09
  52.0  2.78328e+09
  53.0  2.14665e+09
  54.0  1.39951e+09
  55.0  1.84525e+10
  56.0  6.50138e+08
  57.0  6.15308e+08
  58.0  1.77371e+09
  59.0  6.30663e+08
  60.0  4.66696e+09
  61.0  2.74657e+09
  62.0  1.19463e+10
  63.0  7.89250e+09
  64.0  5.44472e+08
  65.0  1.07917e+09
  66.0  5.49701e+08
  67.0  4.33363e+08
  68.0  3.82881e+09
  69.0  8.38029e+08
  70.0  1.25469e+10
  71.0  4.44854e+08
  72.0  4.74493e+08
  73.0  4.47323e+08
  74.0  1.37517e+09
  75.0  1.29461e+09
  76.0  1.27201e+10
  77.0  2.25012e+09
  78.0  2.18762e+10
  79.0  5.03004e+09
  80.0  7.70550e+08
  81.0  9.70319e+08
  82.0  1.01927e+09
  83.0  4.23832e+10
  84.0  9.48339e+08
  85.0  1.93055e+09
  86.0  9.55130e+08
  87.0  7.36982e+08
  88.0  5.75604e+08
  89.0  4.42552e+08
  90.0  9.33977e+09
  91.0  8.31044e+08
  92.0  6.86393e+08
  93.0  6.57786e+08
  94.0  1.13041e+09
  95.0  9.50132e+08
  96.0  3.43964e+08
  97.0  9.40988e+09
  98.0  1.07269e+09
  99.0  1.47202e+09
 100.0  3.22865e+08
 101.0  4.55890e+08
 102.0  1.25105e+10
 103.0  1.21147e+10
 104.0  6.30816e+08
 105.0  5.25138e+08
 106.0  9.57960e+08
 107.0  9.98361e+08
 108.0  8.31014e+08
 109.0  1.06209e+09
 110.0  1.08188e+09
 111.0  1.27215e+09
 112.0  1.22001e+09
 113.0  7.89565e+08
 114.0  6.17990e+08
 115.0  7.75675e+08
 116.0  6.71671e+08
 117.0  5.89682e+09
 118.0  7.47235e+08
 119.0  1.89279e+09
 120.0  8.07868e+09
 121.0  7.90217e+11
 122.0  5.67427e+09
 123.0  2.55111e+09
 124.0  2.27895e+09
 125.0  1.41772e+09
 126.0  2.52469e+09
 127.0  1.02654e+09
 128.0  7.25640e+08
 129.0  1.12824e+09
 130.0  1.14067e+10
 131.0  1.13970e+09
 132.0  8.86493e+08
 133.0  1.51553e+10
 134.0  6.80594e+08
 135.0  1.95373e+09
 136.0  9.32722e+08
 137.0  1.01945e+09
 138.0  8.54028e+08
 139.0  6.08423e+09
 140.0  4.45605e+09
 141.0  1.20189e+09
 142.0  1.27264e+09
 143.0  1.61988e+09
 144.0  1.37315e+09
 145.0  1.50644e+09
 146.0  2.06423e+09
 147.0  2.39503e+09
 148.0  2.43153e+09
 149.0  1.96501e+09
 150.0  2.01017e+09
 151.0  2.38468e+09
 152.0  3.37458e+09
 153.0  3.90390e+09
 154.0  1.64771e+10
 155.0  1.00698e+10
 156.0  5.10638e+09
 157.0  2.58985e+09
 158.0  2.34830e+09
 159.0  2.50782e+09
 160.0  2.63382e+09
 161.0  2.58487e+09
 162.0  3.17407e+09
 163.0  8.65748e+09
 164.0  1.17572e+10
 165.0  1.63634e+10
 166.0  4.60248e+09
 167.0  6.05653e+09
 168.0  3.22548e+09
 169.0  4.29075e+09
 170.0  6.23370e+09
 171.0  8.08664e+09
 172.0  6.53496e+09
 173.0  2.77084e+09
 174.0  3.11730e+09
 175.0  3.74232e+09
 176.0  4.97970e+09
 177.0  5.12309e+09
 178.0  5.54001e+09
 179.0  5.34902e+09
 180.0  2.38537e+10
 181.0  4.93455e+10
 182.0  1.02957e+10
 183.0  7.38604e+09
 184.0  8.76457e+09
 185.0  1.06026e+10
 186.0  1.03601e+10
 187.0  1.09452e+10
 188.0  1.09628e+10
 189.0  1.60138e+10
 190.0  1.59420e+10
 191.0  1.44052e+10
 192.0  1.62282e+10
 193.0  1.40662e+10
 194.0  1.64493e+10
 195.0  1.65964e+10
 196.0  1.85980e+10
 197.0  1.98540e+10
 198.0  2.18421e+10
 199.0  2.56299e+10
 200.0  2.37594e+10
 201.0  2.70633e+10
 202.0  2.63093e+10
 203.0  2.82016e+10
 204.0  3.03993e+10
 205.0  3.25726e+10
 206.0  3.35271e+10
 207.0  3.58414e+10
 208.0  4.34801e+10
 209.0  5.47609e+10
 210.0  5.77624e+10
 211.0  6.46110e+10
 212.0  7.00464e+10
 213.0  7.25397e+10
 214.0  7.87124e+10
 215.0  7.45217e+10
 216.0  7.69074e+10
 217.0  8.20569e+10
 218.0  8.77374e+10
 219.0  9.67981e+10
 220.0  1.05473e+11
 221.0  1.11011e+11
 222.0  1.29206e+11
 223.0  1.57015e+11
 224.0  1.61636e+11
 225.0  1.80055e+11
 226.0  1.62231e+11
 227.0  1.51306e+11
 228.0  1.82667e+11
 229.0  1.79506e+11
 230.0  1.71457e+11
 231.0  1.87408e+11
 232.0  2.06010e+11
 233.0  2.88116e+11
 234.0  2.72167e+11
 235.0  2.89333e+11
 236.0  3.48831e+11
 237.0  2.97170e+11
 238.0  4.13063e+11
 239.0  3.53714e+11
 240.0  3.63287e+11
 241.0  3.42857e+11
 242.0  3.37358e+11
 243.0  3.63173e+11
 244.0  3.46381e+11
 245.0  3.39647e+11
 246.0  3.18825e+11
 247.0  3.60217e+11
 248.0  2.93812e+11
 249.0  3.47956e+11
 250.0  3.91986e+11
 251.0  3.15981e+11
 252.0  3.26643e+11
 253.0  4.28130e+11
 254.0  4.85535e+11
 255.0  5.84241e+11
 256.0  6.73685e+11
 257.0  7.38149e+11
 258.0  8.79926e+11
 259.0  8.61159e+11
 260.0  8.92987e+11
 261.0  9.50944e+11
 262.0  1.15664e+12
 263.0  1.33617e+12
 264.0  1.66002e+12
 265.0  1.75390e+12
 266.0  1.73066e+12
 267.0  1.76496e+12
 268.0  1.72890e+12
 269.0  1.65448e+12
 270.0  1.96074e+12
 271.0  1.67907e+12
 272.0  1.24503e+12
 273.0  1.52683e+12
 274.0  1.35457e+12
 275.0  1.63777e+12
 276.0  2.21029e+12
 277.0  2.23554e+12
 278.0  1.78213e+12
 279.0  2.24516e+12
 280.0  2.14971e+12
 281.0  2.29628e+12
 282.0  2.55104e+12
 283.0  2.50281e+12
 284.0  1.60177e+12
 285.0  1.20595e+12
 286.0  2.27574e+12
 287.0  2.81072e+12
 288.0  3.25191e+12
 289.0  5.20495e+12
 290.0  6.44595e+12
 291.0  6.47482e+12
 292.0  6.04411e+12
 293.0  5.52131e+12
 294.0  5.07528e+12
 295.0  5.38882e+12
 296.0  4.25828e+12
 297.0  5.07680e+12
 298.0  4.44441e+12
 299.0  4.20958e+12
 300.0  3.82933e+12
 301.0  3.96307e+12
 302.0  5.03447e+12
 303.0  6.39753e+12
 304.0  6.08783e+12
 305.0  5.87791e+12
 306.0  6.99832e+12
 307.0  8.40039e+12
 308.0  7.81811e+12
 309.0  6.20610e+12
 310.0  1.04976e+13
 311.0  1.11502e+13
 312.0  9.59919e+12
 313.0  1.05344e+13
 314.0  1.04315e+13
 315.0  8.84840e+12
 316.0  9.56875e+12
 317.0  1.16043e+13
 318.0  9.25292e+12
 319.0  9.61785e+12
 320.0  1.06333e+13
 321.0  9.16614e+12
 322.0  8.97751e+12
 323.0  8.37201e+12
 324.0  1.01104e+13
 325.0  1.16927e+13
 326.0  1.49157e+13
 327.0  1.47369e+13
 328.0  1.47595e+13
 329.0  1.61023e+13
 330.0  1.74800e+13
 331.0  1.43389e+13
 332.0  1.71092e+13
 333.0  1.60113e+13
 334.0  1.63542e+13
 335.0  1.11699e+13
 336.0  1.21080e+13
 337.0  7.08824e+12
 338.0  1.78642e+13
 339.0  7.79058e+12
 340.0  2.30172e+13
 341.0  8.72670e+12
 342.0  7.25773e+12
 343.0  1.15011e+13
 344.0  3.99063e+12
 345.0  1.39430e+13
 346.0  1.00522e+13
 347.0  1.42803e+13
 348.0  2.19084e+13
 349.0  8.02778e+12
 350.0  2.07435e+13
 351.0  1.41112e+13
 352.0  1.35833e+13
 353.0  6.60797e+12
 354.0  2.72999e+13
 355.0  1.91057e+13
 356.0  1.38411e+13
 357.0  7.89784e+12
 358.0  4.63267e+12
 359.0  1.15559e+13
 360.0  1.88016e+13
 361.0  1.51432e+13
 362.0  1.40209e+13
 363.0  5.06449e+12
 364.0  2.05856e+13
 365.0  3.89923e+13
 366.0  3.36021e+13
 367.0  2.06632e+13
 368.0  1.27463e+13
 369.0  2.79409e+13
 370.0  1.86341e+13
 371.0  2.16334e+13
 372.0  9.86140e+12
 373.0  5.87108e+12
 374.0  9.95509e+12
 375.0  1.22178e+13
 376.0  1.57594e+13
 377.0  3.79623e+13
 378.0  6.11924e+13
 379.0  2.32545e+13
 380.0  3.72647e+13
 381.0  1.85854e+13
 382.0  1.02844e+13
 383.0  1.12145e+13
 384.0  1.46767e+13
 385.0  2.39215e+13
 386.0  1.81341e+13
 387.0  3.73638e+13
 388.0  1.85341e+13
 389.0  2.10671e+13
 390.0  1.84974e+13
 391.0  4.37710e+13
 392.0  2.11426e+13
 393.0  1.04339e+13
 394.0  1.71617e+13
 395.0  4.04113e+13
 396.0  1.82344e+13
 397.0  2.83436e+13
 398.0  6.76559e+13
 399.0  6.66984e+13
 400.0  6.65578e+13
 401.0  7.03402e+13
 402.0  5.45932e+13
 403.0  3.76676e+13
 404.0  4.77696e+13
 405.0  6.49467e+13
 406.0  4.04734e+13
 407.0  3.11318e+13
 408.0  4.92086e+13
 409.0  6.89428e+13
 410.0  6.39357e+13
 411.0  8.15566e+13
 412.0  8.65848e+13
 413.0  5.49394e+13
 414.0  5.76537e+13
 415.0  6.65622e+13
 416.0  8.15691e+13
 417.0  4.60068e+13
 418.0  4.19866e+13
 419.0  7.37507e+13
 420.0  4.88384e+13
 421.0  8.09948e+13
 422.0  5.59511e+13
 423.0  7.23013e+13
 424.0  6.81820e+13
 425.0  4.40023e+13
 426.0  5.73736e+13
 427.0  2.79748e+13
 428.0  4.34523e+13
 429.0  4.65074e+13
 430.0  3.10541e+13
 431.0  4.13241e+13
 432.0  3.70775e+13
 433.0  4.05032e+13
 434.0  5.94998e+13
 435.0  4.88583e+13
 436.0  7.58459e+13
 437.0  6.90531e+13
 438.0  3.96692e+13
 439.0  9.47037e+13
 440.0  6.66967e+13
 441.0  8.56524e+13
 442.0  1.01155e+14
 443.0  7.55850e+13
 444.0  1.04740e+14
 445.0  7.76319e+13
 446.0  6.22399e+13
 447.0  8.57907e+13
 448.0  8.98363e+13
 449.0  6.38622e+13
 450.0  1.18924e+14
 451.0  8.33779e+13
 452.0  6.88566e+13
 453.0  5.70833e+13
 454.0  7.16121e+13
 455.0  1.21482e+14
 456.0  1.12910e+14
 457.0  1.01886e+14
 458.0  1.03412e+14
 459.0  1.01480e+14
 460.0  7.66210e+13
 461.0  1.21101e+14
 462.0  1.20194e+14
 463.0  1.32941e+14
 464.0  1.30709e+14
 465.0  9.94714e+13
 466.0  1.22228e+14
 467.0  1.29970e+14
 468.0  1.29889e+14
 469.0  1.36579e+14
 470.0  1.16880e+14
 471.0  1.07514e+14
 472.0  1.19822e+14
 473.0  9.88751e+13
 474.0  1.33560e+14
 475.0  1.33246e+14
 476.0  1.13359e+14
 477.0  1.20925e+14
 478.0  1.34582e+14
 479.0  1.29350e+14
 480.0  1.14843e+14
 481.0  1.33956e+14
 482.0  1.42488e+14
 483.0  1.20214e+14
 484.0  1.27709e+14
 485.0  1.30306e+14
 486.0  9.85412e+13
 487.0  1.26494e+14
 488.0  1.32283e+14
 489.0  1.00878e+14
 490.0  1.33156e+14
 491.0  1.11015e+14
 492.0  9.55163e+13
 493.0  1.42824e+14
 494.0  1.24248e+14
 495.0  1.13370e+14
 496.0  1.16733e+14
 497.0  1.13996e+14
 498.0  9.99759e+13
 499.0  1.42895e+14
 500.0  1.13526e+14
 501.0  1.23488e+14
 502.0  1.23897e+14
 503.0  1.41721e+14
 504.0  9.57437e+13
 505.0  1.26775e+14
 506.0  1.11492e+14
 507.0  1.06786e+14
 508.0  9.61644e+13
 509.0  1.21016e+14
 510.0  1.17049e+14
 511.0  1.11311e+14
 512.0  1.32613e+14
 513.0  1.26492e+14
 514.0  8.97388e+13
 515.0  1.01202e+14
 516.0  9.97722e+13
 517.0  5.75809e+13
 518.0  6.87217e+13
 519.0  9.39187e+13
 520.0  8.40357e+13
 521.0  1.06993e+14
 522.0  1.03772e+14
 523.0  1.18629e+14
 524.0  1.06631e+14
 525.0  1.38514e+14
 526.0  1.14259e+14
 527.0  1.11723e+14
 528.0  1.48566e+14
 529.0  1.24282e+14
 530.0  1.34070e+14
 531.0  1.48579e+14
 532.0  1.30307e+14
 533.0  1.17079e+14
 534.0  1.27322e+14
 535.0  1.44715e+14
 536.0  1.50571e+14
 537.0  1.26619e+14
 538.0  1.29541e+14
 539.0  1.44511e+14
 540.0  9.91371e+13
 541.0  1.41163e+14
 542.0  1.42717e+14
 543.0  9.50168e+13
 544.0  1.35818e+14
 545.0  1.43630e+14
 546.0  1.11793e+14
 547.0  1.35759e+14
 548.0  1.41644e+14
 549.0  1.40231e+14
 550.0  1.47316e+14
 551.0  1.08485e+14
 552.0  1.32013e+14
 553.0  1.42659e+14
 554.0  1.50690e+14
 555.0  1.60201e+14
 556.0  1.58396e+14
 557.0  1.47285e+14
 558.0  1.49378e+14
 559.0  1.21201e+14
 560.0  1.33871e+14
 561.0  1.56938e+14
 562.0  1.29501e+14
 563.0  1.60082e+14
 564.0  1.53123e+14
 565.0  1.60342e+14
 566.0  1.27026e+14
 567.0  1.55464e+14
 568.0  1.45555e+14
 569.0  1.60055e+14
 570.0  1.51418e+14
 571.0  1.50759e+14
 572.0  1.59501e+14
 573.0  1.64438e+14
 574.0  1.59371e+14
 575.0  1.48422e+14
 576.0  1.34703e+14
 577.0  1.57749e+14
 578.0  1.51021e+14
 579.0  1.62070e+14
 580.0  1.59590e+14
 581.0  1.51239e+14
 582.0  1.65963e+14
 583.0  1.66139e+14
 584.0  1.56125e+14
 585.0  1.62796e+14
 586.0  1.26618e+14
 587.0  1.61406e+14
 588.0  1.58026e+14
 589.0  1.18425e+14
 590.0  1.63480e+14
 591.0  1.50792e+14
 592.0  1.61026e+14
 593.0  1.54993e+14
 594.0  1.61722e+14
 595.0  1.62553e+14
 596.0  1.62850e+14
 597.0  1.65851e+14
 598.0  1.65883e+14
 599.0  1.64076e+14
 600.0  1.62894e+14
 601.0  1.60267e+14
 602.0  1.52968e+14
 603.0  1.64901e+14
 604.0  1.64255e+14
 605.0  1.66571e+14
 606.0  1.66600e+14
 607.0  1.61789e+14
 608.0  1.60063e+14
 609.0  1.59125e+14
 610.0  1.54024e+14
 611.0  1.64510e+14
 612.0  1.28298e+14
 613.0  1.53589e+14
 614.0  1.57797e+14
 615.0  1.57274e+14
 616.0  1.27823e+14
 617.0  1.59678e+14
 618.0  1.57301e+14
 619.0  1.62554e+14
 620.0  1.43654e+14
 621.0  1.57393e+14
 622.0  1.62361e+14
 623.0  1.60231e+14
 624.0  1.25934e+14
 625.0  1.16632e+14
 626.0  1.58831e+14
 627.0  1.43187e+14
 628.0  1.67213e+14
 629.0  1.66804e+14
 630.0  1.61751e+14
 631.0  1.51582e+14
 632.0  1.62336e+14
 633.0  1.62029e+14
 634.0  1.58422e+14
 635.0  1.65948e+14
 636.0  1.63195e+14
 637.0  1.64526e+14
 638.0  1.58615e+14
 639.0  1.60567e+14
 640.0  1.38160e+14
 641.0  1.48483e+14
 642.0  1.61921e+14
 643.0  1.62556e+14
 644.0  1.58021e+14
 645.0  1.45725e+14
 646.0  1.49457e+14
 647.0  1.64578e+14
 648.0  1.64755e+14
 649.0  1.52952e+14
 650.0  1.36997e+14
 651.0  1.64086e+14
 652.0  1.65416e+14
 653.0  1.65309e+14
 654.0  1.48580e+14
 655.0  1.44898e+14
 656.0  1.39532e+14
 657.0  1.40392e+14
 658.0  1.62760e+14
 659.0  1.63950e+14
 660.0  1.67865e+14
 661.0  1.66153e+14
 662.0  1.63653e+14
 663.0  1.60923e+14
 664.0  1.64525e+14
 665.0  1.64671e+14
 666.0  1.55249e+14
 667.0  1.60624e+14
 668.0  1.63420e+14
 669.0  1.61943e+14
 670.0  1.65214e+14
 671.0  1.61381e+14
 672.0  1.60148e+14
 673.0  1.63467e+14
 674.0  1.66036e+14
 675.0  1.36887e+14
 676.0  1.63506e+14
 677.0  1.64306e+14
 678.0  1.62660e+14
 679.0  1.57097e+14
 680.0  1.64869e+14
 681.0  1.63759e+14
 682.0  1.65084e+14
 683.0  1.65656e+14
 684.0  1.60647e+14
 685.0  1.64794e+14
 686.0  1.49150e+14
 687.0  1.64672e+14
 688.0  1.64435e+14
 689.0  1.65243e+14
 690.0  1.63976e+14
 691.0  1.64582e+14
 692.0  1.53593e+14
 693.0  1.63295e+14
 694.0  1.65247e+14
 695.0  1.66393e+14
 696.0  1.64319e+14
 697.0  1.60888e+14
 698.0  1.60128e+14
 699.0  1.63922e+14
 700.0  1.62148e+14
 701.0  1.48132e+14
 702.0  1.45729e+14
 703.0  1.60741e+14
 704.0  1.64441e+14
 705.0  1.56554e+14
 706.0  1.62790e+14
 707.0  1.58855e+14
 708.0  1.61593e+14
 709.0  1.63608e+14
 710.0  1.64500e+14
 711.0  1.60146e+14
 712.0  1.46241e+14
 713.0  1.58098e+14
 714.0  1.59903e+14
 715.0  1.47580e+14
 716.0  1.58172e+14
 717.0  1.60163e+14
 718.0  1.24124e+14
 719.0  1.57297e+14
 720.0  1.53092e+14
 721.0  1.61063e+14
 722.0  1.62353e+14
 723.0  1.61450e+14
 724.0  1.60919e+14
 725.0  1.63441e+14
 726.0  1.49754e+14
 727.0  1.61480e+14
 728.0  1.61229e+14
 729.0  1.58762e+14
 730.0  1.63389e+14
 731.0  1.52658e+14
 732.0  1.53047e+14
 733.0  1.60958e+14
 734.0  1.62267e+14
 735.0  1.50617e+14
 736.0  1.50043e+14
 737.0  1.59686e+14
 738.0  1.55158e+14
 739.0  1.58559e+14
 740.0  1.57130e+14
 741.0  1.53012e+14
 742.0  1.59626e+14
 743.0  1.62289e+14
 744.0  1.55607e+14
 745.0  1.56862e+14
 746.0  1.61126e+14
 747.0  1.60001e+14
 748.0  1.56881e+14
 749.0  1.56331e+14
 750.0  1.61816e+14
 751.0  1.58099e+14
 752.0  1.62689e+14
 753.0  1.60540e+14
 754.0  1.59621e+14
 755.0  1.59161e+14
 756.0  1.59650e+14
 757.0  1.57404e+14
 758.0  1.38238e+14
 759.0  1.60821e+14
 760.0  1.58826e+14
 761.0  1.53727e+14
 762.0  1.58776e+14
 763.0  1.59585e+14
 764.0  1.61520e+14
 765.0  1.57371e+14
 766.0  1.41371e+14
 767.0  1.59988e+14
 768.0  1.60239e+14
 769.0  1.57671e+14
 770.0  1.61384e+14
 771.0  1.59429e+14
 772.0  1.59821e+14
 773.0  1.59985e+14
 774.0  1.59416e+14
 775.0  1.59128e+14
 776.0  1.60091e+14
 777.0  1.56972e+14
 778.0  1.61239e+14
 779.0  1.60290e+14
 780.0  1.59261e+14
 781.0  1.56475e+14
 782.0  1.58891e+14
 783.0  1.53907e+14
 784.0  1.60567e+14
 785.0  1.56212e+14
 786.0  1.58151e+14
 787.0  1.57359e+14
 788.0  1.53470e+14
 789.0  1.57866e+14
 790.0  1.48687e+14
 791.0  1.48731e+14
 792.0  1.55652e+14
 793.0  1.53351e+14
 794.0  1.31826e+14
 795.0  1.56586e+14
 796.0  1.58002e+14
 797.0  1.54295e+14
 798.0  1.58128e+14
 799.0  1.53998e+14
 800.0  1.49456e+14
 801.0  1.58335e+14
 802.0  1.50224e+14
 803.0  1.57752e+14
 804.0  1.53023e+14
 805.0  1.52732e+14
 806.0  1.57465e+14
 807.0  1.51305e+14
 808.0  1.55344e+14
 809.0  1.50642e+14
 810.0  1.51334e+14
 811.0  1.51773e+14
 812.0  1.53819e+14
 813.0  1.55238e+14
 814.0  1.42944e+14
 815.0  1.47583e+14
 816.0  1.56254e+14
 817.0  1.52803e+14
 818.0  1.54732e+14
 819.0  1.46792e+14
 820.0  1.54058e+14
 821.0  1.43479e+14
 822.0  1.48592e+14
 823.0  1.44339e+14
 824.0  1.53417e+14
 825.0  1.49692e+14
 826.0  1.50557e+14
 827.0  1.50817e+14
 828.0  1.52364e+14
 829.0  1.53972e+14
 830.0  1.47941e+14
 831.0  1.52348e+14
 832.0  1.50827e+14
 833.0  1.44147e+14
 834.0  1.46611e+14
 835.0  1.47879e+14
 836.0  1.37481e+14
 837.0  1.53565e+14
 838.0  1.50276e+14
 839.0  1.38015e+14
 840.0  1.51066e+14
 841.0  1.53348e+14
 842.0  1.50007e+14
 843.0  1.38188e+14
 844.0  1.46422e+14
 845.0  1.45053e+14
 846.0  1.44216e+14
 847.0  1.40061e+14
 848.0  1.53392e+14
 849.0  1.47897e+14
 850.0  1.38160e+14
 851.0  1.46206e+14
 852.0  1.52432e+14
 853.0  1.50734e+14
 854.0  1.17343e+14
 855.0  1.50861e+14
 856.0  1.49874e+14
 857.0  1.52564e+14
 858.0  1.51265e+14
 859.0  1.44304e+14
 860.0  1.50554e+14
 861.0  1.41534e+14
 862.0  1.29355e+14
 863.0  1.49605e+14
 864.0  1.49618e+14
 865.0  1.50656e+14
 866.0  1.20425e+14
 867.0  1.47619e+14
 868.0  1.44556e+14
 869.0  1.37527e+14
 870.0  1.43982e+14
 871.0  1.49801e+14
 872.0  1.47701e+14
 873.0  1.47588e+14
 874.0  1.50047e+14
 875.0  1.44828e+14
 876.0  1.49816e+14
 877.0  1.46514e+14
 878.0  1.50048e+14
 879.0  1.44474e+14
 880.0  1.44396e+14
 881.0  1.42158e+14
 882.0  1.39842e+14
 883.0  1.49597e+14
 884.0  1.48823e+14
 885.0  1.50021e+14
 886.0  1.46411e+14
 887.0  1.48992e+14
 888.0  1.47504e+14
 889.0  1.49362e+14
 890.0  1.49487e+14
 891.0  1.48528e+14
 892.0  1.38401e+14
 893.0  1.47267e+14
 894.0  1.47600e+14
 895.0  1.48778e+14
 896.0  1.48862e+14
 897.0  1.43534e+14
 898.0  1.49015e+14
 899.0  1.44272e+14
 900.0  1.20200e+14
