   1.0  7.90274e+06
   2.0  1.74413e+07
   3.0  7.69795e+06
   4.0  1.58516e+07
   5.0  2.64680e+07
   6.0  3.42779e+07
   7.0  3.33312e+07
   8.0  3.02571e+07
   9.0  2.56599e+07
  10.0  1.48225e+07
  11.0  7.09356e+06
  12.0  3.90853e+06
  13.0  3.07269e+06
  14.0  2.08112e+07
  15.0  3.60459e+07
  16.0  5.12586e+07
  17.0  5.78571e+08
  18.0  9.03020e+08
  19.0  5.94065e+08
  20.0  5.08614e+08
  21.0  3.87438e+08
  22.0  2.75259e+08
  23.0  1.83508e+08
  24.0  1.07664e+08
  25.0  2.62391e+08
  26.0  2.60690e+08
  27.0  2.14786e+08
  28.0  3.03482e+08
  29.0  2.38651e+08
  30.0  1.27717e+09
  31.0  1.46820e+09
  32.0  5.66755e+08
  33.0  6.63433e+08
  34.0  4.88948e+08
  35.0  2.86669e+08
  36.0  3.20107e+08
  37.0  2.21860e+08
  38.0  4.77888e+07
  39.0  2.91955e+07
  40.0  3.97447e+07
  41.0  7.27487e+07
  42.0  6.12041e+07
  43.0  4.32592e+07
  44.0  4.31201e+07
  45.0  2.63843e+07
  46.0  6.50013e+07
  47.0  7.26986e+07
  48.0  5.64364e+07
  49.0  1.59661e+08
  50.0  1.79625e+08
  51.0  7.31669e+07
  52.0  5.14630e+07
  53.0  5.82374e+07
  54.0  4.22735e+07
  55.0  9.27313e+07
  56.0  1.00601e+08
  57.0  4.75422e+07
  58.0  1.60262e+08
  59.0  1.67711e+08
  60.0  1.48522e+08
  61.0  1.58610e+08
  62.0  2.04494e+08
  63.0  2.11253e+08
  64.0  5.31200e+07
  65.0  1.80274e+07
  66.0  1.52260e+07
  67.0  1.47489e+07
  68.0  3.36553e+07
  69.0  4.60153e+07
  70.0  7.20436e+07
  71.0  7.60912e+07
  72.0  4.10236e+07
  73.0  4.10128e+07
  74.0  5.25097e+07
  75.0  7.43019e+07
  76.0  1.60587e+08
  77.0  2.22229e+08
  78.0  2.58077e+08
  79.0  2.24834e+08
  80.0  1.47493e+08
  81.0  1.61657e+08
  82.0  2.15681e+08
  83.0  3.52530e+08
  84.0  3.88640e+08
  85.0  3.49990e+08
  86.0  3.84321e+08
  87.0  4.38176e+08
  88.0  5.16128e+08
  89.0  6.16980e+08
  90.0  7.45853e+08
  91.0  7.20031e+08
  92.0  4.28053e+08
  93.0  2.13482e+08
  94.0  1.72646e+08
  95.0  1.14714e+08
  96.0  8.67851e+07
  97.0  8.44736e+08
  98.0  9.00214e+08
  99.0  2.36139e+08
 100.0  2.03363e+08
 101.0  1.27686e+08
 102.0  7.00025e+08
 103.0  1.29520e+09
 104.0  7.61803e+08
 105.0  1.81356e+08
 106.0  1.63790e+08
 107.0  1.66221e+08
 108.0  2.31351e+08
 109.0  2.44731e+08
 110.0  2.05253e+08
 111.0  2.04929e+08
 112.0  2.06704e+08
 113.0  1.93664e+08
 114.0  1.43649e+08
 115.0  6.90102e+09
 116.0  4.61179e+09
 117.0  1.12628e+10
 118.0  2.78503e+09
 119.0  4.81402e+09
 120.0  3.50607e+10
 121.0  4.72459e+11
 122.0  3.72498e+10
 123.0  4.89059e+09
 124.0  5.53608e+09
 125.0  1.85539e+09
 126.0  2.56701e+09
 127.0  1.07924e+09
 128.0  2.33022e+09
 129.0  1.86036e+09
 130.0  5.13723e+09
 131.0  1.42708e+09
 132.0  1.18528e+09
 133.0  1.22585e+10
 134.0  1.61350e+09
 135.0  1.27274e+09
 136.0  6.09365e+08
 137.0  6.45163e+08
 138.0  1.18875e+09
 139.0  5.29335e+09
 140.0  4.32773e+09
 141.0  1.08255e+09
 142.0  1.25468e+09
 143.0  1.49845e+09
 144.0  1.41422e+09
 145.0  1.48030e+09
 146.0  1.60958e+09
 147.0  1.53629e+09
 148.0  1.93046e+09
 149.0  1.74280e+09
 150.0  2.15963e+09
 151.0  2.47597e+09
 152.0  3.01891e+09
 153.0  3.49368e+09
 154.0  2.00991e+10
 155.0  1.40257e+10
 156.0  4.94013e+09
 157.0  2.64621e+09
 158.0  1.97756e+09
 159.0  3.20616e+09
 160.0  2.25773e+09
 161.0  1.98373e+09
 162.0  9.68295e+08
 163.0  5.00620e+09
 164.0  1.30827e+10
 165.0  4.78358e+09
 166.0  5.18047e+09
 167.0  3.47412e+09
 168.0  1.82576e+09
 169.0  2.96872e+09
 170.0  1.75438e+09
 171.0  2.29010e+09
 172.0  2.29759e+09
 173.0  2.92192e+09
 174.0  2.14692e+09
 175.0  3.66114e+09
 176.0  1.73822e+09
 177.0  1.63584e+09
 178.0  1.28498e+09
 179.0  8.48343e+08
 180.0  3.35114e+09
 181.0  8.03472e+09
 182.0  2.33352e+09
 183.0  8.48632e+08
 184.0  1.65751e+09
 185.0  2.27274e+09
 186.0  2.08185e+09
 187.0  2.11702e+09
 188.0  2.06175e+09
 189.0  2.27412e+09
 190.0  2.50209e+09
 191.0  2.06974e+09
 192.0  1.19643e+09
 193.0  1.98701e+09
 194.0  1.27687e+09
 195.0  7.85291e+08
 196.0  4.11761e+08
 197.0  5.84852e+08
 198.0  6.84622e+08
 199.0  1.01770e+09
 200.0  1.11729e+09
 201.0  9.97899e+08
 202.0  1.28934e+09
 203.0  1.01987e+09
 204.0  2.84022e+08
 205.0  1.77726e+08
 206.0  1.49958e+08
 207.0  1.99633e+08
 208.0  1.58322e+08
 209.0  5.61205e+07
 210.0  1.07410e+08
 211.0  1.24873e+08
 212.0  2.72093e+08
 213.0  2.81437e+08
 214.0  1.83732e+08
 215.0  2.43664e+08
 216.0  8.77108e+08
 217.0  7.55324e+08
 218.0  8.00707e+08
 219.0  6.58801e+08
 220.0  6.35881e+08
 221.0  6.97974e+08
 222.0  3.74784e+08
 223.0  3.84678e+08
 224.0  4.62836e+08
 225.0  3.85217e+08
 226.0  3.65854e+08
 227.0  2.41256e+08
 228.0  4.20786e+08
 229.0  5.77726e+08
 230.0  6.69526e+08
 231.0  6.15743e+08
 232.0  8.36403e+08
 233.0  6.41640e+08
 234.0  3.18379e+08
 235.0  1.93228e+08
 236.0  2.68318e+08
 237.0  2.52332e+08
 238.0  1.00408e+08
 239.0  1.24270e+08
 240.0  1.11621e+08
 241.0  1.33415e+08
 242.0  6.92098e+07
 243.0  3.16331e+07
 244.0  1.34654e+08
 245.0  2.18019e+08
 246.0  1.82668e+08
 247.0  1.01639e+08
 248.0  1.34362e+08
 249.0  2.01827e+08
 250.0  2.30870e+08
 251.0  2.10182e+08
 252.0  2.81626e+08
 253.0  5.34732e+08
 254.0  6.27099e+08
 255.0  6.84535e+08
 256.0  4.11594e+08
 257.0  6.34872e+08
 258.0  4.87831e+08
 259.0  6.68799e+08
 260.0  8.56427e+08
 261.0  8.46951e+08
 262.0  1.32531e+09
 263.0  2.19021e+09
 264.0  1.53172e+09
 265.0  2.30813e+09
 266.0  1.68978e+09
 267.0  1.99687e+09
 268.0  2.26822e+09
 269.0  1.51108e+09
 270.0  2.98400e+09
 271.0  2.34600e+09
 272.0  1.76063e+09
 273.0  2.13826e+09
 274.0  2.95789e+09
 275.0  2.98709e+09
 276.0  4.63368e+09
 277.0  5.25829e+09
 278.0  3.95370e+09
 279.0  5.01158e+09
 280.0  4.89272e+09
 281.0  6.67940e+09
 282.0  5.73801e+09
 283.0  4.94457e+09
 284.0  3.43048e+09
 285.0  2.02310e+09
 286.0  5.37056e+09
 287.0  6.75383e+09
 288.0  1.15562e+10
 289.0  1.39361e+10
 290.0  1.56619e+10
 291.0  1.98320e+10
 292.0  1.92062e+10
 293.0  1.75975e+10
 294.0  1.50880e+10
 295.0  1.79700e+10
 296.0  1.98005e+10
 297.0  1.70022e+10
 298.0  1.67525e+10
 299.0  1.97954e+10
 300.0  1.36492e+10
 301.0  2.16542e+10
 302.0  1.56011e+10
 303.0  3.11258e+10
 304.0  2.75930e+10
 305.0  2.69858e+10
 306.0  4.26654e+10
 307.0  6.01635e+10
 308.0  3.75494e+10
 309.0  3.34442e+10
 310.0  5.40649e+10
 311.0  8.44679e+10
 312.0  1.06727e+11
 313.0  8.60064e+10
 314.0  1.20262e+11
 315.0  1.39963e+11
 316.0  1.15892e+11
 317.0  1.75006e+11
 318.0  1.15074e+11
 319.0  1.15321e+11
 320.0  1.49341e+11
 321.0  1.42054e+11
 322.0  1.16251e+11
 323.0  1.45394e+11
 324.0  1.41617e+11
 325.0  2.12506e+11
 326.0  2.70545e+11
 327.0  2.06639e+11
 328.0  2.30904e+11
 329.0  3.15201e+11
 330.0  2.39137e+11
 331.0  2.48638e+11
 332.0  2.69411e+11
 333.0  2.56442e+11
 334.0  2.59626e+11
 335.0  2.20936e+11
 336.0  1.70600e+11
 337.0  1.67307e+11
 338.0  2.14855e+11
 339.0  2.24572e+11
 340.0  3.05818e+11
 341.0  1.95064e+11
 342.0  2.85751e+11
 343.0  2.42502e+11
 344.0  1.30885e+11
 345.0  2.41909e+11
 346.0  1.97286e+11
 347.0  2.20307e+11
 348.0  3.92956e+11
 349.0  2.03588e+11
 350.0  4.09532e+11
 351.0  2.65472e+11
 352.0  2.02989e+11
 353.0  5.09285e+11
 354.0  5.71396e+11
 355.0  4.71117e+11
 356.0  3.34856e+11
 357.0  1.91131e+11
 358.0  1.69780e+11
 359.0  2.22921e+11
 360.0  2.63492e+11
 361.0  3.25746e+11
 362.0  4.81100e+11
 363.0  3.61696e+11
 364.0  4.07041e+11
 365.0  5.16839e+11
 366.0  8.00972e+11
 367.0  6.47588e+11
 368.0  4.22443e+11
 369.0  7.77043e+11
 370.0  4.94288e+11
 371.0  4.77861e+11
 372.0  2.47391e+11
 373.0  1.91725e+11
 374.0  2.14875e+11
 375.0  3.75907e+11
 376.0  4.52820e+11
 377.0  8.48343e+11
 378.0  8.49090e+11
 379.0  6.34080e+11
 380.0  7.72238e+11
 381.0  6.89358e+11
 382.0  2.68719e+11
 383.0  4.14063e+11
 384.0  6.85253e+11
 385.0  4.83304e+11
 386.0  4.97998e+11
 387.0  6.30807e+11
 388.0  5.28855e+11
 389.0  7.23456e+11
 390.0  6.25524e+11
 391.0  1.00673e+12
 392.0  4.54891e+11
 393.0  3.15800e+11
 394.0  4.32183e+11
 395.0  7.44717e+11
 396.0  2.95424e+11
 397.0  7.64392e+11
 398.0  1.20935e+12
 399.0  1.14867e+12
 400.0  1.47927e+12
 401.0  1.68707e+12
 402.0  1.44807e+12
 403.0  8.52170e+11
 404.0  1.28577e+12
 405.0  1.78001e+12
 406.0  1.42802e+12
 407.0  1.41822e+12
 408.0  1.97915e+12
 409.0  1.98235e+12
 410.0  1.54494e+12
 411.0  1.54050e+12
 412.0  1.84365e+12
 413.0  1.57215e+12
 414.0  1.55899e+12
 415.0  1.89706e+12
 416.0  2.00957e+12
 417.0  1.65863e+12
 418.0  1.92885e+12
 419.0  1.85074e+12
 420.0  1.49835e+12
 421.0  1.22991e+12
 422.0  4.36220e+11
 423.0  7.90006e+11
 424.0  1.55894e+12
 425.0  1.10160e+12
 426.0  1.91153e+12
 427.0  1.11501e+12
 428.0  1.57976e+12
 429.0  1.43415e+12
 430.0  1.17415e+12
 431.0  2.12355e+12
 432.0  2.04735e+12
 433.0  2.64931e+12
 434.0  2.46276e+12
 435.0  2.57233e+12
 436.0  2.83717e+12
 437.0  2.51837e+12
 438.0  1.98376e+12
 439.0  2.68374e+12
 440.0  2.16467e+12
 441.0  2.77489e+12
 442.0  2.28873e+12
 443.0  2.17308e+12
 444.0  2.86730e+12
 445.0  1.90680e+12
 446.0  2.44512e+12
 447.0  2.90997e+12
 448.0  2.95839e+12
 449.0  2.79870e+12
 450.0  3.29119e+12
 451.0  2.99202e+12
 452.0  2.78773e+12
 453.0  2.36734e+12
 454.0  2.90711e+12
 455.0  2.94357e+12
 456.0  3.47128e+12
 457.0  3.31129e+12
 458.0  2.56765e+12
 459.0  2.90445e+12
 460.0  3.06572e+12
 461.0  3.27164e+12
 462.0  3.30308e+12
 463.0  2.94504e+12
 464.0  2.89385e+12
 465.0  3.06728e+12
 466.0  3.48120e+12
 467.0  3.21159e+12
 468.0  3.20689e+12
 469.0  3.55620e+12
 470.0  3.74790e+12
 471.0  3.62255e+12
 472.0  3.64943e+12
 473.0  3.61757e+12
 474.0  3.87382e+12
 475.0  3.71109e+12
 476.0  2.70212e+12
 477.0  2.86254e+12
 478.0  2.92926e+12
 479.0  3.00064e+12
 480.0  2.14987e+12
 481.0  1.86565e+12
 482.0  2.43527e+12
 483.0  3.00730e+12
 484.0  3.19245e+12
 485.0  2.82544e+12
 486.0  2.96754e+12
 487.0  3.03844e+12
 488.0  3.69261e+12
 489.0  4.24978e+12
 490.0  4.43091e+12
 491.0  4.76303e+12
 492.0  4.31825e+12
 493.0  5.01713e+12
 494.0  4.70191e+12
 495.0  4.08763e+12
 496.0  2.88365e+12
 497.0  3.49464e+12
 498.0  3.08931e+12
 499.0  3.02384e+12
 500.0  2.47323e+12
 501.0  2.50293e+12
 502.0  2.76483e+12
 503.0  3.41323e+12
 504.0  3.06012e+12
 505.0  2.82305e+12
 506.0  3.05922e+12
 507.0  3.01581e+12
 508.0  2.63248e+12
 509.0  2.88906e+12
 510.0  3.03661e+12
 511.0  2.92106e+12
 512.0  2.80694e+12
 513.0  3.06097e+12
 514.0  3.04220e+12
 515.0  3.37449e+12
 516.0  2.82694e+12
 517.0  2.00678e+12
 518.0  2.51426e+12
 519.0  2.95200e+12
 520.0  2.84210e+12
 521.0  3.31915e+12
 522.0  4.62200e+12
 523.0  5.31992e+12
 524.0  4.61477e+12
 525.0  5.07975e+12
 526.0  3.85331e+12
 527.0  4.06459e+12
 528.0  5.39570e+12
 529.0  5.14936e+12
 530.0  5.77012e+12
 531.0  5.78505e+12
 532.0  4.85714e+12
 533.0  5.14156e+12
 534.0  4.90368e+12
 535.0  5.74142e+12
 536.0  5.22711e+12
 537.0  4.95355e+12
 538.0  5.82579e+12
 539.0  4.76316e+12
 540.0  4.92395e+12
 541.0  5.14703e+12
 542.0  5.50921e+12
 543.0  4.52159e+12
 544.0  5.17468e+12
 545.0  3.70630e+12
 546.0  4.25936e+12
 547.0  4.44413e+12
 548.0  4.91393e+12
 549.0  4.69236e+12
 550.0  4.16703e+12
 551.0  4.48363e+12
 552.0  5.00537e+12
 553.0  4.83486e+12
 554.0  5.55394e+12
 555.0  5.27269e+12
 556.0  5.45206e+12
 557.0  4.99913e+12
 558.0  5.29091e+12
 559.0  4.35307e+12
 560.0  4.19091e+12
 561.0  4.74556e+12
 562.0  4.73632e+12
 563.0  4.48414e+12
 564.0  4.84632e+12
 565.0  5.38791e+12
 566.0  5.19333e+12
 567.0  4.95721e+12
 568.0  5.16981e+12
 569.0  5.52159e+12
 570.0  5.50996e+12
 571.0  5.99786e+12
 572.0  5.63469e+12
 573.0  5.86404e+12
 574.0  6.17870e+12
 575.0  6.39534e+12
 576.0  6.14340e+12
 577.0  6.15432e+12
 578.0  6.06279e+12
 579.0  6.49507e+12
 580.0  6.86673e+12
 581.0  6.70305e+12
 582.0  6.87489e+12
 583.0  6.76562e+12
 584.0  6.57779e+12
 585.0  5.31386e+12
 586.0  5.32402e+12
 587.0  5.02871e+12
 588.0  3.79011e+12
 589.0  2.21316e+12
 590.0  3.62860e+12
 591.0  4.22472e+12
 592.0  4.42714e+12
 593.0  4.53289e+12
 594.0  4.88317e+12
 595.0  4.50986e+12
 596.0  4.55465e+12
 597.0  4.94076e+12
 598.0  4.99414e+12
 599.0  5.61734e+12
 600.0  5.57920e+12
 601.0  5.43126e+12
 602.0  5.89599e+12
 603.0  6.04769e+12
 604.0  6.46644e+12
 605.0  6.70921e+12
 606.0  6.53506e+12
 607.0  7.04011e+12
 608.0  7.27652e+12
 609.0  7.23183e+12
 610.0  7.15533e+12
 611.0  7.68162e+12
 612.0  6.75462e+12
 613.0  7.57387e+12
 614.0  8.11002e+12
 615.0  7.08717e+12
 616.0  4.56759e+12
 617.0  5.14707e+12
 618.0  5.26825e+12
 619.0  4.44259e+12
 620.0  4.82070e+12
 621.0  4.41371e+12
 622.0  3.85788e+12
 623.0  3.73911e+12
 624.0  3.83349e+12
 625.0  4.28743e+12
 626.0  4.55750e+12
 627.0  4.56154e+12
 628.0  4.86215e+12
 629.0  5.17459e+12
 630.0  5.58082e+12
 631.0  6.15325e+12
 632.0  6.24429e+12
 633.0  6.62711e+12
 634.0  6.76495e+12
 635.0  6.21875e+12
 636.0  6.05883e+12
 637.0  6.44700e+12
 638.0  5.59145e+12
 639.0  6.02477e+12
 640.0  6.92419e+12
 641.0  7.20510e+12
 642.0  7.20548e+12
 643.0  7.66901e+12
 644.0  7.82378e+12
 645.0  8.14492e+12
 646.0  8.27259e+12
 647.0  7.95596e+12
 648.0  7.25569e+12
 649.0  6.67610e+12
 650.0  6.76160e+12
 651.0  6.77901e+12
 652.0  7.38016e+12
 653.0  8.15150e+12
 654.0  8.01116e+12
 655.0  7.90247e+12
 656.0  8.26270e+12
 657.0  8.61727e+12
 658.0  8.56632e+12
 659.0  8.78981e+12
 660.0  8.98023e+12
 661.0  8.72379e+12
 662.0  8.49047e+12
 663.0  8.61326e+12
 664.0  8.67863e+12
 665.0  7.68742e+12
 666.0  7.86560e+12
 667.0  8.38710e+12
 668.0  7.07310e+12
 669.0  7.42473e+12
 670.0  7.73761e+12
 671.0  7.16885e+12
 672.0  6.49494e+12
 673.0  6.98047e+12
 674.0  6.78293e+12
 675.0  6.49417e+12
 676.0  7.04581e+12
 677.0  7.44210e+12
 678.0  6.55618e+12
 679.0  6.78653e+12
 680.0  7.02929e+12
 681.0  7.13974e+12
 682.0  7.07235e+12
 683.0  7.18961e+12
 684.0  7.54815e+12
 685.0  6.67791e+12
 686.0  6.81371e+12
 687.0  7.04882e+12
 688.0  7.00301e+12
 689.0  7.52703e+12
 690.0  7.54302e+12
 691.0  8.37468e+12
 692.0  8.29196e+12
 693.0  8.46681e+12
 694.0  8.57779e+12
 695.0  9.23639e+12
 696.0  9.21297e+12
 697.0  9.49147e+12
 698.0  9.78714e+12
 699.0  9.97210e+12
 700.0  1.01775e+13
 701.0  1.05727e+13
 702.0  1.11483e+13
 703.0  1.15307e+13
 704.0  1.30279e+13
 705.0  1.13897e+13
 706.0  9.84962e+12
 707.0  1.07544e+13
 708.0  1.07143e+13
 709.0  8.27232e+12
 710.0  9.27573e+12
 711.0  9.96167e+12
 712.0  9.00023e+12
 713.0  7.43503e+12
 714.0  7.94680e+12
 715.0  8.64442e+12
 716.0  8.59957e+12
 717.0  9.08585e+12
 718.0  9.83336e+12
 719.0  9.84326e+12
 720.0  9.15557e+12
 721.0  9.59024e+12
 722.0  1.07248e+13
 723.0  1.07822e+13
 724.0  1.11739e+13
 725.0  1.16912e+13
 726.0  1.25576e+13
 727.0  1.23077e+13
 728.0  1.25747e+13
 729.0  1.32390e+13
 730.0  1.34698e+13
 731.0  1.38330e+13
 732.0  1.33660e+13
 733.0  1.45956e+13
 734.0  1.42756e+13
 735.0  1.42831e+13
 736.0  1.44239e+13
 737.0  1.51668e+13
 738.0  1.51563e+13
 739.0  1.50918e+13
 740.0  1.51820e+13
 741.0  1.52575e+13
 742.0  1.53956e+13
 743.0  1.56977e+13
 744.0  1.55410e+13
 745.0  1.54620e+13
 746.0  1.54959e+13
 747.0  1.56948e+13
 748.0  1.60989e+13
 749.0  1.55213e+13
 750.0  1.62002e+13
 751.0  1.59452e+13
 752.0  1.61530e+13
 753.0  1.61407e+13
 754.0  1.64738e+13
 755.0  1.64683e+13
 756.0  1.64922e+13
 757.0  1.65330e+13
 758.0  1.62717e+13
 759.0  1.53912e+13
 760.0  1.56601e+13
 761.0  1.55339e+13
 762.0  1.59839e+13
 763.0  1.48248e+13
 764.0  1.50964e+13
 765.0  1.52558e+13
 766.0  1.29410e+13
 767.0  1.37495e+13
 768.0  1.39275e+13
 769.0  1.42516e+13
 770.0  1.28645e+13
 771.0  1.39726e+13
 772.0  1.42640e+13
 773.0  1.48728e+13
 774.0  1.47151e+13
 775.0  1.36460e+13
 776.0  1.42329e+13
 777.0  1.46227e+13
 778.0  1.43581e+13
 779.0  1.44993e+13
 780.0  1.49703e+13
 781.0  1.53417e+13
 782.0  1.52351e+13
 783.0  1.43571e+13
 784.0  1.50404e+13
 785.0  1.52819e+13
 786.0  1.54499e+13
 787.0  1.56133e+13
 788.0  1.59050e+13
 789.0  1.62019e+13
 790.0  1.61093e+13
 791.0  1.56945e+13
 792.0  1.61184e+13
 793.0  1.62353e+13
 794.0  1.61268e+13
 795.0  1.65305e+13
 796.0  1.68054e+13
 797.0  1.70598e+13
 798.0  1.68089e+13
 799.0  1.68578e+13
 800.0  1.69634e+13
 801.0  1.73034e+13
 802.0  1.71485e+13
 803.0  1.74115e+13
 804.0  1.72417e+13
 805.0  1.76900e+13
 806.0  1.77011e+13
 807.0  1.72984e+13
 808.0  1.77195e+13
 809.0  1.78392e+13
 810.0  1.79665e+13
 811.0  1.78967e+13
 812.0  1.82029e+13
 813.0  1.82368e+13
 814.0  1.82754e+13
 815.0  1.84081e+13
 816.0  1.82785e+13
 817.0  1.84500e+13
 818.0  1.64361e+13
 819.0  1.59721e+13
 820.0  1.77739e+13
 821.0  1.80380e+13
 822.0  1.79767e+13
 823.0  1.82474e+13
 824.0  1.81915e+13
 825.0  1.80667e+13
 826.0  1.84296e+13
 827.0  1.83101e+13
 828.0  1.82050e+13
 829.0  1.79499e+13
 830.0  1.78380e+13
 831.0  1.80644e+13
 832.0  1.75062e+13
 833.0  1.78995e+13
 834.0  1.81125e+13
 835.0  1.77304e+13
 836.0  1.75427e+13
 837.0  1.80917e+13
 838.0  1.67423e+13
 839.0  1.71934e+13
 840.0  1.81338e+13
 841.0  1.77056e+13
 842.0  1.73445e+13
 843.0  1.65433e+13
 844.0  1.73777e+13
 845.0  1.70121e+13
 846.0  1.71375e+13
 847.0  1.68120e+13
 848.0  1.74626e+13
 849.0  1.70374e+13
 850.0  1.65231e+13
 851.0  1.69419e+13
 852.0  1.71732e+13
 853.0  1.73122e+13
 854.0  1.47852e+13
 855.0  1.75358e+13
 856.0  1.78100e+13
 857.0  1.79415e+13
 858.0  1.77892e+13
 859.0  1.80289e+13
 860.0  1.80621e+13
 861.0  1.79096e+13
 862.0  1.81835e+13
 863.0  1.82468e+13
 864.0  1.83272e+13
 865.0  1.81550e+13
 866.0  1.57939e+13
 867.0  1.76838e+13
 868.0  1.80312e+13
 869.0  1.72259e+13
 870.0  1.84230e+13
 871.0  1.84166e+13
 872.0  1.84923e+13
 873.0  1.84201e+13
 874.0  1.86803e+13
 875.0  1.85399e+13
 876.0  1.86141e+13
 877.0  1.85526e+13
 878.0  1.88830e+13
 879.0  1.89989e+13
 880.0  1.80055e+13
 881.0  1.90276e+13
 882.0  1.83245e+13
 883.0  1.92560e+13
 884.0  1.89422e+13
 885.0  1.94187e+13
 886.0  1.81219e+13
 887.0  1.78882e+13
 888.0  1.81750e+13
 889.0  1.82656e+13
 890.0  1.85552e+13
 891.0  1.85017e+13
 892.0  1.85457e+13
 893.0  1.86949e+13
 894.0  1.83247e+13
 895.0  1.85677e+13
 896.0  1.86026e+13
 897.0  1.86220e+13
 898.0  1.88982e+13
 899.0  1.88461e+13
 900.0  1.86591e+13
