   1.0  3.89949e+06
   2.0  9.64608e+07
   3.0  8.81414e+07
   4.0  1.70122e+08
   5.0  3.94019e+08
   6.0  4.09003e+08
   7.0  5.11371e+08
   8.0  3.52773e+08
   9.0  4.62824e+08
  10.0  1.81234e+08
  11.0  1.43304e+08
  12.0  9.80003e+07
  13.0  1.01908e+08
  14.0  3.25824e+08
  15.0  3.80118e+08
  16.0  6.38601e+08
  17.0  2.93937e+09
  18.0  1.43671e+09
  19.0  1.46615e+09
  20.0  7.13198e+08
  21.0  5.61733e+08
  22.0  9.46530e+08
  23.0  5.07515e+08
  24.0  1.29429e+09
  25.0  2.17739e+09
  26.0  6.82301e+08
  27.0  1.31342e+09
  28.0  1.45138e+09
  29.0  5.30470e+08
  30.0  1.31959e+10
  31.0  2.34948e+09
  32.0  2.63589e+09
  33.0  2.67171e+09
  34.0  1.49927e+09
  35.0  1.27943e+09
  36.0  1.78048e+09
  37.0  3.84279e+08
  38.0  1.69177e+08
  39.0  1.62988e+08
  40.0  2.80264e+08
  41.0  3.88608e+08
  42.0  1.51084e+08
  43.0  3.29787e+08
  44.0  1.44691e+08
  45.0  1.50387e+08
  46.0  5.45560e+08
  47.0  2.25376e+08
  48.0  3.86276e+08
  49.0  1.12502e+09
  50.0  5.92873e+08
  51.0  2.04250e+08
  52.0  3.03402e+08
  53.0  2.75524e+08
  54.0  1.88199e+08
  55.0  8.51935e+08
  56.0  2.59230e+08
  57.0  2.57157e+08
  58.0  1.46292e+09
  59.0  3.28370e+08
  60.0  1.17055e+09
  61.0  4.26974e+08
  62.0  1.83855e+09
  63.0  4.61452e+08
  64.0  1.12298e+08
  65.0  8.67726e+07
  66.0  8.10552e+07
  67.0  8.33888e+07
  68.0  2.89547e+08
  69.0  2.12969e+08
  70.0  5.87858e+08
  71.0  2.57416e+08
  72.0  1.88230e+08
  73.0  2.48636e+08
  74.0  3.10551e+08
  75.0  4.90916e+08
  76.0  1.27260e+09
  77.0  1.08080e+09
  78.0  1.64192e+09
  79.0  7.96376e+08
  80.0  8.00202e+08
  81.0  9.20527e+08
  82.0  1.37719e+09
  83.0  2.45618e+09
  84.0  1.75152e+09
  85.0  1.97375e+09
  86.0  2.11658e+09
  87.0  2.54855e+09
  88.0  2.94623e+09
  89.0  3.62376e+09
  90.0  4.32583e+09
  91.0  3.36128e+09
  92.0  1.20696e+09
  93.0  1.07759e+09
  94.0  7.74671e+08
  95.0  4.69576e+08
  96.0  4.93370e+08
  97.0  8.77939e+09
  98.0  1.02299e+09
  99.0  1.59452e+09
 100.0  6.53965e+08
 101.0  7.63330e+08
 102.0  6.75564e+09
 103.0  7.06217e+09
 104.0  1.08451e+09
 105.0  9.26898e+08
 106.0  8.92038e+08
 107.0  9.56438e+08
 108.0  1.61556e+09
 109.0  1.09690e+09
 110.0  1.18069e+09
 111.0  1.14645e+09
 112.0  1.19125e+09
 113.0  9.92837e+08
 114.0  6.77820e+08
 115.0  1.12331e+09
 116.0  1.28100e+09
 117.0  5.17697e+09
 118.0  1.46668e+09
 119.0  4.78326e+09
 120.0  1.45333e+10
 121.0  7.13198e+11
 122.0  6.03269e+09
 123.0  3.60303e+09
 124.0  3.06360e+09
 125.0  2.85706e+09
 126.0  4.14658e+09
 127.0  2.23958e+09
 128.0  1.85456e+09
 129.0  2.36655e+09
 130.0  1.76021e+10
 131.0  2.98906e+09
 132.0  2.28745e+09
 133.0  2.21200e+10
 134.0  2.17419e+09
 135.0  4.73235e+09
 136.0  3.17273e+09
 137.0  3.34695e+09
 138.0  3.43399e+09
 139.0  1.01982e+10
 140.0  8.55197e+09
 141.0  5.22468e+09
 142.0  5.64644e+09
 143.0  6.47624e+09
 144.0  6.34104e+09
 145.0  6.88551e+09
 146.0  8.45671e+09
 147.0  1.07597e+10
 148.0  1.07396e+10
 149.0  9.72930e+09
 150.0  1.08618e+10
 151.0  1.16590e+10
 152.0  1.49395e+10
 153.0  1.69329e+10
 154.0  2.89364e+10
 155.0  2.57919e+10
 156.0  2.49032e+10
 157.0  2.29339e+10
 158.0  2.18151e+10
 159.0  2.21870e+10
 160.0  2.49703e+10
 161.0  2.96391e+10
 162.0  3.43810e+10
 163.0  3.86657e+10
 164.0  4.18758e+10
 165.0  6.62623e+10
 166.0  4.90901e+10
 167.0  5.45926e+10
 168.0  6.16819e+10
 169.0  8.12625e+10
 170.0  9.44259e+10
 171.0  9.65157e+10
 172.0  1.03350e+11
 173.0  1.04270e+11
 174.0  1.27394e+11
 175.0  1.55428e+11
 176.0  1.70488e+11
 177.0  2.05317e+11
 178.0  2.28409e+11
 179.0  2.28379e+11
 180.0  2.80051e+11
 181.0  3.41524e+11
 182.0  3.25230e+11
 183.0  3.47606e+11
 184.0  3.03814e+11
 185.0  3.48779e+11
 186.0  4.03119e+11
 187.0  4.68250e+11
 188.0  4.98873e+11
 189.0  5.62175e+11
 190.0  5.86273e+11
 191.0  6.44484e+11
 192.0  6.85639e+11
 193.0  5.27910e+11
 194.0  8.75150e+11
 195.0  8.64754e+11
 196.0  9.74653e+11
 197.0  9.90657e+11
 198.0  9.95855e+11
 199.0  1.08185e+12
 200.0  1.21097e+12
 201.0  1.30147e+12
 202.0  1.33355e+12
 203.0  1.50006e+12
 204.0  1.67759e+12
 205.0  1.73917e+12
 206.0  1.82163e+12
 207.0  2.10393e+12
 208.0  2.48087e+12
 209.0  3.55532e+12
 210.0  4.70476e+12
 211.0  5.72067e+12
 212.0  5.39098e+12
 213.0  5.39524e+12
 214.0  6.98931e+12
 215.0  6.11408e+12
 216.0  5.62876e+12
 217.0  5.91532e+12
 218.0  7.87947e+12
 219.0  8.36113e+12
 220.0  8.37866e+12
 221.0  6.63553e+12
 222.0  8.85850e+12
 223.0  1.13403e+13
 224.0  1.05913e+13
 225.0  9.29398e+12
 226.0  6.94739e+12
 227.0  6.92422e+12
 228.0  9.42918e+12
 229.0  8.55014e+12
 230.0  9.73022e+12
 231.0  9.05513e+12
 232.0  9.60584e+12
 233.0  8.13143e+12
 234.0  6.97224e+12
 235.0  9.80704e+12
 236.0  8.75500e+12
 237.0  9.44350e+12
 238.0  7.49185e+12
 239.0  8.27456e+12
 240.0  7.61166e+12
 241.0  9.46713e+12
 242.0  1.34976e+13
 243.0  1.26918e+13
 244.0  1.18555e+13
 245.0  9.64943e+12
 246.0  9.62291e+12
 247.0  1.07696e+13
 248.0  8.89035e+12
 249.0  1.08854e+13
 250.0  1.16967e+13
 251.0  9.19444e+12
 252.0  8.23980e+12
 253.0  1.02867e+13
 254.0  1.17567e+13
 255.0  1.59528e+13
 256.0  2.02192e+13
 257.0  2.49642e+13
 258.0  2.59016e+13
 259.0  2.18700e+13
 260.0  1.78292e+13
 261.0  1.82499e+13
 262.0  2.19553e+13
 263.0  3.31296e+13
 264.0  5.20410e+13
 265.0  5.35485e+13
 266.0  5.28641e+13
 267.0  5.34891e+13
 268.0  5.24739e+13
 269.0  5.05000e+13
 270.0  5.83331e+13
 271.0  4.94407e+13
 272.0  4.18026e+13
 273.0  4.37247e+13
 274.0  2.89105e+13
 275.0  3.86139e+13
 276.0  5.39601e+13
 277.0  5.25090e+13
 278.0  3.57666e+13
 279.0  1.92711e+13
 280.0  2.14036e+13
 281.0  4.65827e+13
 282.0  6.60321e+13
 283.0  7.17542e+13
 284.0  5.54386e+13
 285.0  3.51401e+13
 286.0  7.33013e+13
 287.0  7.99608e+13
 288.0  7.29568e+13
 289.0  1.06957e+14
 290.0  1.39219e+14
 291.0  1.33877e+14
 292.0  1.19305e+14
 293.0  1.25519e+14
 294.0  1.18130e+14
 295.0  1.29014e+14
 296.0  1.19640e+14
 297.0  1.22538e+14
 298.0  1.05707e+14
 299.0  1.20248e+14
 300.0  9.71238e+13
 301.0  1.12318e+14
 302.0  1.16742e+14
 303.0  1.50599e+14
 304.0  1.44676e+14
 305.0  1.45865e+14
 306.0  1.36997e+14
 307.0  1.53690e+14
 308.0  1.53004e+14
 309.0  1.24003e+14
 310.0  1.53507e+14
 311.0  1.82255e+14
 312.0  1.63613e+14
 313.0  1.75380e+14
 314.0  1.65549e+14
 315.0  1.61007e+14
 316.0  1.56937e+14
 317.0  2.00012e+14
 318.0  1.65884e+14
 319.0  1.79252e+14
 320.0  2.07283e+14
 321.0  1.75015e+14
 322.0  1.76265e+14
 323.0  1.69604e+14
 324.0  1.98031e+14
 325.0  2.26275e+14
 326.0  2.54992e+14
 327.0  2.47218e+14
 328.0  2.37418e+14
 329.0  2.79456e+14
 330.0  2.66119e+14
 331.0  2.56181e+14
 332.0  2.51837e+14
 333.0  2.42890e+14
 334.0  2.57492e+14
 335.0  2.56593e+14
 336.0  2.14935e+14
 337.0  2.28592e+14
 338.0  2.46898e+14
 339.0  2.59245e+14
 340.0  2.75402e+14
 341.0  2.51822e+14
 342.0  2.72338e+14
 343.0  2.67369e+14
 344.0  2.14310e+14
 345.0  2.62110e+14
 346.0  2.53651e+14
 347.0  2.50435e+14
 348.0  2.57080e+14
 349.0  2.44749e+14
 350.0  2.96589e+14
 351.0  2.74015e+14
 352.0  2.53102e+14
 353.0  2.93236e+14
 354.0  3.12990e+14
 355.0  2.96543e+14
 356.0  2.63010e+14
 357.0  2.32570e+14
 358.0  1.95531e+14
 359.0  2.88770e+14
 360.0  2.79838e+14
 361.0  2.56943e+14
 362.0  2.93297e+14
 363.0  2.82856e+14
 364.0  2.96147e+14
 365.0  3.37972e+14
 366.0  3.60882e+14
 367.0  3.47956e+14
 368.0  3.20886e+14
 369.0  3.62711e+14
 370.0  3.39070e+14
 371.0  3.59678e+14
 372.0  3.04408e+14
 373.0  2.68421e+14
 374.0  2.77033e+14
 375.0  3.16389e+14
 376.0  3.21770e+14
 377.0  3.79813e+14
 378.0  3.99583e+14
 379.0  3.22318e+14
 380.0  3.60912e+14
 381.0  3.31083e+14
 382.0  2.40344e+14
 383.0  2.13578e+14
 384.0  2.91971e+14
 385.0  3.06923e+14
 386.0  3.07868e+14
 387.0  3.02808e+14
 388.0  2.98647e+14
 389.0  3.59815e+14
 390.0  3.75073e+14
 391.0  4.10405e+14
 392.0  3.12670e+14
 393.0  1.79709e+14
 394.0  3.17608e+14
 395.0  3.95757e+14
 396.0  2.60556e+14
 397.0  2.91407e+14
 398.0  4.62412e+14
 399.0  5.05000e+14
 400.0  5.19267e+14
 401.0  5.45865e+14
 402.0  5.56276e+14
 403.0  5.30318e+14
 404.0  5.24709e+14
 405.0  5.30486e+14
 406.0  5.06296e+14
 407.0  5.13277e+14
 408.0  5.50575e+14
 409.0  5.41430e+14
 410.0  4.95092e+14
 411.0  5.76670e+14
 412.0  5.71869e+14
 413.0  5.56992e+14
 414.0  5.68638e+14
 415.0  5.70025e+14
 416.0  5.90617e+14
 417.0  5.38610e+14
 418.0  5.61961e+14
 419.0  5.68836e+14
 420.0  5.75939e+14
 421.0  5.67083e+14
 422.0  5.38823e+14
 423.0  5.75649e+14
 424.0  5.97217e+14
 425.0  5.76426e+14
 426.0  5.76747e+14
 427.0  5.37421e+14
 428.0  5.43305e+14
 429.0  5.06098e+14
 430.0  4.08180e+14
 431.0  5.02851e+14
 432.0  5.63379e+14
 433.0  6.07857e+14
 434.0  5.16066e+14
 435.0  5.78682e+14
 436.0  6.51008e+14
 437.0  5.78728e+14
 438.0  5.67418e+14
 439.0  6.33327e+14
 440.0  6.00190e+14
 441.0  6.58553e+14
 442.0  6.90578e+14
 443.0  6.67668e+14
 444.0  6.89541e+14
 445.0  6.39714e+14
 446.0  6.52609e+14
 447.0  7.07482e+14
 448.0  6.96324e+14
 449.0  7.03564e+14
 450.0  7.46076e+14
 451.0  7.45176e+14
 452.0  7.09174e+14
 453.0  6.80182e+14
 454.0  7.27023e+14
 455.0  7.20728e+14
 456.0  7.49764e+14
 457.0  7.58498e+14
 458.0  7.14509e+14
 459.0  7.39811e+14
 460.0  7.32769e+14
 461.0  7.50770e+14
 462.0  7.59215e+14
 463.0  7.35589e+14
 464.0  7.50633e+14
 465.0  7.25727e+14
 466.0  7.31916e+14
 467.0  7.39430e+14
 468.0  7.24889e+14
 469.0  7.47204e+14
 470.0  7.07253e+14
 471.0  7.40954e+14
 472.0  7.60815e+14
 473.0  7.48560e+14
 474.0  7.72049e+14
 475.0  7.71607e+14
 476.0  7.44735e+14
 477.0  7.78817e+14
 478.0  7.72689e+14
 479.0  7.77003e+14
 480.0  7.80158e+14
 481.0  7.83222e+14
 482.0  7.81195e+14
 483.0  7.70327e+14
 484.0  7.57096e+14
 485.0  7.12618e+14
 486.0  6.18923e+14
 487.0  7.09982e+14
 488.0  7.50542e+14
 489.0  7.39613e+14
 490.0  7.89288e+14
 491.0  7.45862e+14
 492.0  7.11902e+14
 493.0  7.52950e+14
 494.0  7.76408e+14
 495.0  7.63574e+14
 496.0  7.73893e+14
 497.0  7.90858e+14
 498.0  7.20026e+14
 499.0  7.74320e+14
 500.0  7.15454e+14
 501.0  7.26763e+14
 502.0  7.24188e+14
 503.0  7.64443e+14
 504.0  7.49399e+14
 505.0  7.70037e+14
 506.0  7.78847e+14
 507.0  7.47813e+14
 508.0  7.10225e+14
 509.0  7.59855e+14
 510.0  7.45771e+14
 511.0  7.83786e+14
 512.0  7.45679e+14
 513.0  7.45695e+14
 514.0  7.24447e+14
 515.0  7.52264e+14
 516.0  7.05790e+14
 517.0  6.42899e+14
 518.0  6.73826e+14
 519.0  7.24645e+14
 520.0  7.45100e+14
 521.0  7.49536e+14
 522.0  7.43317e+14
 523.0  7.40192e+14
 524.0  7.81332e+14
 525.0  7.75722e+14
 526.0  7.18426e+14
 527.0  7.05058e+14
 528.0  7.71897e+14
 529.0  7.90858e+14
 530.0  7.83527e+14
 531.0  7.97428e+14
 532.0  7.51914e+14
 533.0  7.58468e+14
 534.0  7.67263e+14
 535.0  8.05964e+14
 536.0  7.92886e+14
 537.0  7.73131e+14
 538.0  7.87048e+14
 539.0  7.70723e+14
 540.0  7.40025e+14
 541.0  7.70860e+14
 542.0  7.91803e+14
 543.0  7.65845e+14
 544.0  7.97306e+14
 545.0  7.96925e+14
 546.0  8.05430e+14
 547.0  7.93983e+14
 548.0  8.01010e+14
 549.0  7.94288e+14
 550.0  8.07198e+14
 551.0  7.96254e+14
 552.0  7.99257e+14
 553.0  7.97245e+14
 554.0  8.18966e+14
 555.0  8.14545e+14
 556.0  8.01208e+14
 557.0  7.80646e+14
 558.0  7.75646e+14
 559.0  7.79975e+14
 560.0  7.84929e+14
 561.0  7.84594e+14
 562.0  8.06436e+14
 563.0  8.15506e+14
 564.0  7.97535e+14
 565.0  7.83161e+14
 566.0  7.80280e+14
 567.0  8.10110e+14
 568.0  7.91605e+14
 569.0  8.00446e+14
 570.0  7.84121e+14
 571.0  7.82978e+14
 572.0  8.24194e+14
 573.0  8.23904e+14
 574.0  8.26511e+14
 575.0  8.06009e+14
 576.0  8.11954e+14
 577.0  8.18493e+14
 578.0  7.96010e+14
 579.0  8.11497e+14
 580.0  8.13036e+14
 581.0  8.20017e+14
 582.0  8.35016e+14
 583.0  8.26130e+14
 584.0  8.27639e+14
 585.0  8.06451e+14
 586.0  8.07473e+14
 587.0  8.27959e+14
 588.0  8.02915e+14
 589.0  7.17024e+14
 590.0  8.14408e+14
 591.0  8.12152e+14
 592.0  8.19347e+14
 593.0  8.13524e+14
 594.0  8.18478e+14
 595.0  8.06101e+14
 596.0  8.17990e+14
 597.0  8.13036e+14
 598.0  8.14530e+14
 599.0  8.12274e+14
 600.0  8.04988e+14
 601.0  7.99547e+14
 602.0  7.95126e+14
 603.0  8.16710e+14
 604.0  8.21831e+14
 605.0  8.16633e+14
 606.0  8.14515e+14
 607.0  8.29056e+14
 608.0  8.09104e+14
 609.0  8.18493e+14
 610.0  8.01284e+14
 611.0  8.21907e+14
 612.0  8.04592e+14
 613.0  7.98419e+14
 614.0  7.96788e+14
 615.0  8.09652e+14
 616.0  7.70799e+14
 617.0  7.89715e+14
 618.0  8.19240e+14
 619.0  8.01452e+14
 620.0  8.14301e+14
 621.0  8.12076e+14
 622.0  8.12655e+14
 623.0  7.92428e+14
 624.0  7.79045e+14
 625.0  7.87673e+14
 626.0  8.09302e+14
 627.0  8.18645e+14
 628.0  8.13128e+14
 629.0  8.14210e+14
 630.0  8.01101e+14
 631.0  7.98739e+14
 632.0  8.01955e+14
 633.0  8.02427e+14
 634.0  8.00675e+14
 635.0  8.08113e+14
 636.0  7.96391e+14
 637.0  8.14743e+14
 638.0  8.11009e+14
 639.0  7.99912e+14
 640.0  8.00522e+14
 641.0  7.89212e+14
 642.0  7.97580e+14
 643.0  7.98373e+14
 644.0  8.05872e+14
 645.0  7.99059e+14
 646.0  7.90874e+14
 647.0  8.02976e+14
 648.0  8.08860e+14
 649.0  7.69107e+14
 650.0  8.00065e+14
 651.0  8.06009e+14
 652.0  8.02214e+14
 653.0  7.97702e+14
 654.0  7.85005e+14
 655.0  7.69763e+14
 656.0  6.30827e+14
 657.0  7.44917e+14
 658.0  7.90492e+14
 659.0  7.74488e+14
 660.0  7.92169e+14
 661.0  7.95096e+14
 662.0  7.95553e+14
 663.0  7.76302e+14
 664.0  7.81774e+14
 665.0  7.89273e+14
 666.0  7.73192e+14
 667.0  7.89166e+14
 668.0  7.89974e+14
 669.0  7.96452e+14
 670.0  7.96315e+14
 671.0  7.92901e+14
 672.0  7.98205e+14
 673.0  8.03037e+14
 674.0  7.97382e+14
 675.0  7.93129e+14
 676.0  7.95721e+14
 677.0  7.92794e+14
 678.0  7.89182e+14
 679.0  7.78390e+14
 680.0  7.79350e+14
 681.0  7.87078e+14
 682.0  7.83161e+14
 683.0  7.87520e+14
 684.0  7.80615e+14
 685.0  7.86880e+14
 686.0  7.92779e+14
 687.0  7.96498e+14
 688.0  7.86209e+14
 689.0  7.89913e+14
 690.0  7.84365e+14
 691.0  7.76088e+14
 692.0  7.75784e+14
 693.0  7.78009e+14
 694.0  7.80051e+14
 695.0  7.86895e+14
 696.0  7.90691e+14
 697.0  7.82917e+14
 698.0  7.81149e+14
 699.0  7.92154e+14
 700.0  7.76835e+14
 701.0  7.74488e+14
 702.0  7.76180e+14
 703.0  7.84990e+14
 704.0  7.91026e+14
 705.0  7.86712e+14
 706.0  7.82643e+14
 707.0  7.86971e+14
 708.0  7.76149e+14
 709.0  7.68330e+14
 710.0  7.78055e+14
 711.0  7.65601e+14
 712.0  7.64321e+14
 713.0  7.60922e+14
 714.0  7.61623e+14
 715.0  7.52691e+14
 716.0  7.51883e+14
 717.0  7.74976e+14
 718.0  7.49490e+14
 719.0  7.45359e+14
 720.0  7.59383e+14
 721.0  7.54657e+14
 722.0  7.50298e+14
 723.0  7.63254e+14
 724.0  7.53545e+14
 725.0  7.52904e+14
 726.0  7.53377e+14
 727.0  7.58011e+14
 728.0  7.41518e+14
 729.0  7.37174e+14
 730.0  7.51563e+14
 731.0  7.50252e+14
 732.0  7.45268e+14
 733.0  7.53545e+14
 734.0  7.56928e+14
 735.0  7.43607e+14
 736.0  7.48484e+14
 737.0  7.51304e+14
 738.0  7.33638e+14
 739.0  7.34949e+14
 740.0  7.40649e+14
 741.0  7.25514e+14
 742.0  7.31199e+14
 743.0  7.50831e+14
 744.0  7.34568e+14
 745.0  7.49185e+14
 746.0  7.43927e+14
 747.0  7.46625e+14
 748.0  7.48149e+14
 749.0  7.32571e+14
 750.0  7.46807e+14
 751.0  7.30864e+14
 752.0  7.36808e+14
 753.0  7.44582e+14
 754.0  7.43485e+14
 755.0  7.40314e+14
 756.0  7.43698e+14
 757.0  7.42524e+14
 758.0  7.30986e+14
 759.0  7.38897e+14
 760.0  7.32068e+14
 761.0  7.24340e+14
 762.0  7.26687e+14
 763.0  7.35757e+14
 764.0  7.33440e+14
 765.0  7.19447e+14
 766.0  6.94236e+14
 767.0  7.35376e+14
 768.0  7.24111e+14
 769.0  7.20316e+14
 770.0  7.23364e+14
 771.0  7.14143e+14
 772.0  7.15423e+14
 773.0  7.28638e+14
 774.0  7.08534e+14
 775.0  7.10545e+14
 776.0  7.23639e+14
 777.0  7.07695e+14
 778.0  7.12847e+14
 779.0  7.10652e+14
 780.0  7.10286e+14
 781.0  7.10866e+14
 782.0  7.14920e+14
 783.0  6.99083e+14
 784.0  7.11750e+14
 785.0  6.98306e+14
 786.0  7.09738e+14
 787.0  7.09997e+14
 788.0  7.09768e+14
 789.0  7.12923e+14
 790.0  7.14752e+14
 791.0  6.98839e+14
 792.0  7.01964e+14
 793.0  6.83307e+14
 794.0  6.83353e+14
 795.0  7.06140e+14
 796.0  7.03244e+14
 797.0  7.03046e+14
 798.0  7.03473e+14
 799.0  6.97300e+14
 800.0  6.95516e+14
 801.0  7.02040e+14
 802.0  6.97345e+14
 803.0  6.99708e+14
 804.0  6.93382e+14
 805.0  6.95623e+14
 806.0  7.01766e+14
 807.0  6.93870e+14
 808.0  6.93428e+14
 809.0  6.89968e+14
 810.0  6.97056e+14
 811.0  7.00211e+14
 812.0  7.03366e+14
 813.0  7.04936e+14
 814.0  7.00455e+14
 815.0  6.98931e+14
 816.0  6.96751e+14
 817.0  6.96065e+14
 818.0  6.75274e+14
 819.0  6.77911e+14
 820.0  6.80472e+14
 821.0  6.74299e+14
 822.0  6.84801e+14
 823.0  6.82469e+14
 824.0  6.84679e+14
 825.0  6.84862e+14
 826.0  6.90258e+14
 827.0  6.87194e+14
 828.0  6.86081e+14
 829.0  6.80091e+14
 830.0  6.80243e+14
 831.0  6.82286e+14
 832.0  6.75122e+14
 833.0  6.60763e+14
 834.0  6.64787e+14
 835.0  6.81326e+14
 836.0  6.76631e+14
 837.0  6.77652e+14
 838.0  6.63919e+14
 839.0  6.73552e+14
 840.0  6.78963e+14
 841.0  6.72561e+14
 842.0  6.61129e+14
 843.0  6.54301e+14
 844.0  6.65565e+14
 845.0  6.79390e+14
 846.0  6.69391e+14
 847.0  6.60260e+14
 848.0  6.55672e+14
 849.0  6.26468e+14
 850.0  6.17627e+14
 851.0  6.38387e+14
 852.0  6.43250e+14
 853.0  6.02232e+14
 854.0  4.98613e+14
 855.0  6.40902e+14
 856.0  6.49956e+14
 857.0  6.49438e+14
 858.0  6.47121e+14
 859.0  6.54011e+14
 860.0  6.53859e+14
 861.0  6.54438e+14
 862.0  6.73201e+14
 863.0  6.68202e+14
 864.0  6.61739e+14
 865.0  6.44515e+14
 866.0  5.34007e+14
 867.0  6.67592e+14
 868.0  6.58919e+14
 869.0  6.52090e+14
 870.0  6.76265e+14
 871.0  6.61647e+14
 872.0  6.83063e+14
 873.0  6.63187e+14
 874.0  6.46542e+14
 875.0  6.33921e+14
 876.0  6.58934e+14
 877.0  6.55200e+14
 878.0  6.62638e+14
 879.0  6.46146e+14
 880.0  6.34318e+14
 881.0  6.40765e+14
 882.0  6.39790e+14
 883.0  6.50688e+14
 884.0  6.44576e+14
 885.0  6.50444e+14
 886.0  6.12140e+14
 887.0  6.39028e+14
 888.0  6.45170e+14
 889.0  6.44012e+14
 890.0  6.48966e+14
 891.0  6.41344e+14
 892.0  6.28785e+14
 893.0  6.35232e+14
 894.0  6.26071e+14
 895.0  6.37656e+14
 896.0  6.38083e+14
 897.0  6.31940e+14
 898.0  6.36939e+14
 899.0  6.32580e+14
 900.0  6.18984e+14
