   1.0  1.82658e+07
   2.0  4.03125e+07
   3.0  1.77925e+07
   4.0  3.66381e+07
   5.0  6.11762e+07
   6.0  7.92273e+07
   7.0  7.70391e+07
   8.0  6.99339e+07
   9.0  5.93084e+07
  10.0  3.42596e+07
  11.0  1.63955e+07
  12.0  9.03389e+06
  13.0  7.10199e+06
  14.0  4.81014e+07
  15.0  8.33138e+07
  16.0  1.18475e+08
  17.0  1.33726e+09
  18.0  2.08717e+09
  19.0  1.37308e+09
  20.0  1.17557e+09
  21.0  8.95494e+08
  22.0  6.36212e+08
  23.0  4.24146e+08
  24.0  2.48847e+08
  25.0  6.06470e+08
  26.0  6.02540e+08
  27.0  4.96441e+08
  28.0  7.01445e+08
  29.0  5.51600e+08
  30.0  2.95195e+09
  31.0  3.39348e+09
  32.0  1.30995e+09
  33.0  1.53341e+09
  34.0  1.13012e+09
  35.0  6.62586e+08
  36.0  7.39871e+08
  37.0  5.12789e+08
  38.0  1.10455e+08
  39.0  6.74802e+07
  40.0  9.18628e+07
  41.0  1.68146e+08
  42.0  1.41463e+08
  43.0  9.99861e+07
  44.0  9.96644e+07
  45.0  6.09826e+07
  46.0  1.50239e+08
  47.0  1.68030e+08
  48.0  1.30443e+08
  49.0  3.69028e+08
  50.0  4.15172e+08
  51.0  1.69112e+08
  52.0  1.18948e+08
  53.0  1.34605e+08
  54.0  9.77077e+07
  55.0  2.14332e+08
  56.0  2.32521e+08
  57.0  1.09885e+08
  58.0  3.70418e+08
  59.0  3.87635e+08
  60.0  3.43281e+08
  61.0  3.66598e+08
  62.0  4.72652e+08
  63.0  4.88273e+08
  64.0  1.22778e+08
  65.0  4.16672e+07
  66.0  3.51922e+07
  67.0  3.40894e+07
  68.0  7.77882e+07
  69.0  1.06356e+08
  70.0  1.66516e+08
  71.0  1.75871e+08
  72.0  9.48189e+07
  73.0  9.47938e+07
  74.0  1.21367e+08
  75.0  1.71736e+08
  76.0  3.71169e+08
  77.0  5.13644e+08
  78.0  5.96499e+08
  79.0  5.19665e+08
  80.0  3.40904e+08
  81.0  3.73641e+08
  82.0  4.98509e+08
  83.0  8.14811e+08
  84.0  8.98272e+08
  85.0  8.08940e+08
  86.0  8.88289e+08
  87.0  1.01277e+09
  88.0  1.19294e+09
  89.0  1.42604e+09
  90.0  1.72391e+09
  91.0  1.66422e+09
  92.0  9.89370e+08
  93.0  4.93427e+08
  94.0  3.99041e+08
  95.0  2.65141e+08
  96.0  2.00589e+08
  97.0  1.95246e+09
  98.0  2.08068e+09
  99.0  5.45794e+08
 100.0  4.70038e+08
 101.0  2.95124e+08
 102.0  1.61798e+09
 103.0  2.99362e+09
 104.0  1.76077e+09
 105.0  4.19173e+08
 106.0  3.78572e+08
 107.0  3.84190e+08
 108.0  5.34727e+08
 109.0  5.65651e+08
 110.0  4.74407e+08
 111.0  4.73658e+08
 112.0  4.77761e+08
 113.0  4.47620e+08
 114.0  3.32020e+08
 115.0  4.65408e+09
 116.0  3.59905e+09
 117.0  5.73042e+09
 118.0  2.05631e+09
 119.0  3.37814e+09
 120.0  1.30959e+10
 121.0  1.00563e+11
 122.0  1.16011e+10
 123.0  2.55813e+09
 124.0  2.16122e+09
 125.0  1.51781e+09
 126.0  1.94420e+09
 127.0  1.02213e+09
 128.0  9.97955e+08
 129.0  1.50033e+09
 130.0  6.80062e+09
 131.0  1.29735e+09
 132.0  1.19284e+09
 133.0  8.01698e+09
 134.0  1.23176e+09
 135.0  1.64100e+09
 136.0  1.26284e+09
 137.0  1.06589e+09
 138.0  1.07863e+09
 139.0  3.92986e+09
 140.0  3.29878e+09
 141.0  1.37564e+09
 142.0  1.39794e+09
 143.0  1.47250e+09
 144.0  1.65624e+09
 145.0  1.69777e+09
 146.0  1.93947e+09
 147.0  2.45733e+09
 148.0  2.25854e+09
 149.0  1.92604e+09
 150.0  2.30009e+09
 151.0  2.51998e+09
 152.0  3.02930e+09
 153.0  3.42489e+09
 154.0  9.51949e+09
 155.0  7.29618e+09
 156.0  4.23204e+09
 157.0  3.03320e+09
 158.0  2.51073e+09
 159.0  2.89958e+09
 160.0  2.63454e+09
 161.0  2.44530e+09
 162.0  2.56047e+09
 163.0  6.57929e+09
 164.0  8.33006e+09
 165.0  9.23279e+09
 166.0  5.66873e+09
 167.0  4.64161e+09
 168.0  2.77451e+09
 169.0  3.84791e+09
 170.0  3.47805e+09
 171.0  4.32600e+09
 172.0  3.65734e+09
 173.0  3.24529e+09
 174.0  3.43482e+09
 175.0  3.60003e+09
 176.0  3.75703e+09
 177.0  3.94960e+09
 178.0  4.15430e+09
 179.0  3.96782e+09
 180.0  1.20971e+10
 181.0  2.38476e+10
 182.0  8.16453e+09
 183.0  4.98736e+09
 184.0  5.42821e+09
 185.0  6.51568e+09
 186.0  6.27654e+09
 187.0  6.61632e+09
 188.0  7.07365e+09
 189.0  9.19674e+09
 190.0  8.79523e+09
 191.0  8.19011e+09
 192.0  8.73496e+09
 193.0  8.82644e+09
 194.0  9.23605e+09
 195.0  9.71249e+09
 196.0  1.04952e+10
 197.0  1.12791e+10
 198.0  9.93752e+09
 199.0  1.18047e+10
 200.0  7.10052e+09
 201.0  1.78724e+10
 202.0  1.13927e+10
 203.0  1.19692e+10
 204.0  1.52809e+10
 205.0  1.36460e+10
 206.0  1.62819e+10
 207.0  1.82743e+10
 208.0  1.92396e+10
 209.0  2.56882e+10
 210.0  2.88143e+10
 211.0  2.82282e+10
 212.0  3.45488e+10
 213.0  3.35179e+10
 214.0  4.22559e+10
 215.0  3.48586e+10
 216.0  3.93173e+10
 217.0  3.91048e+10
 218.0  4.38031e+10
 219.0  4.88037e+10
 220.0  5.42662e+10
 221.0  6.05158e+10
 222.0  6.59873e+10
 223.0  7.27929e+10
 224.0  8.05620e+10
 225.0  1.06390e+11
 226.0  7.87642e+10
 227.0  8.08570e+10
 228.0  9.75240e+10
 229.0  9.50267e+10
 230.0  9.65617e+10
 231.0  9.59013e+10
 232.0  1.13828e+11
 233.0  1.47653e+11
 234.0  1.43532e+11
 235.0  1.38637e+11
 236.0  1.60549e+11
 237.0  1.49601e+11
 238.0  2.02023e+11
 239.0  1.77195e+11
 240.0  1.83712e+11
 241.0  1.74879e+11
 242.0  1.76443e+11
 243.0  1.89723e+11
 244.0  1.81652e+11
 245.0  1.74781e+11
 246.0  1.64972e+11
 247.0  1.86871e+11
 248.0  1.57183e+11
 249.0  1.74537e+11
 250.0  2.02022e+11
 251.0  1.82773e+11
 252.0  1.66456e+11
 253.0  2.13142e+11
 254.0  2.48278e+11
 255.0  2.93289e+11
 256.0  3.37421e+11
 257.0  3.84882e+11
 258.0  4.45957e+11
 259.0  4.52207e+11
 260.0  4.57816e+11
 261.0  4.86445e+11
 262.0  5.87566e+11
 263.0  6.71650e+11
 264.0  8.20935e+11
 265.0  8.33353e+11
 266.0  8.71835e+11
 267.0  8.85118e+11
 268.0  8.68980e+11
 269.0  8.73720e+11
 270.0  9.77644e+11
 271.0  8.69505e+11
 272.0  6.53133e+11
 273.0  8.42256e+11
 274.0  6.93096e+11
 275.0  8.32264e+11
 276.0  1.08148e+12
 277.0  1.10795e+12
 278.0  9.37533e+11
 279.0  1.16666e+12
 280.0  1.28481e+12
 281.0  1.08002e+12
 282.0  1.32105e+12
 283.0  1.36683e+12
 284.0  1.00998e+12
 285.0  5.38427e+11
 286.0  1.02756e+12
 287.0  1.42633e+12
 288.0  1.45216e+12
 289.0  2.32394e+12
 290.0  3.25365e+12
 291.0  3.27493e+12
 292.0  3.21246e+12
 293.0  3.13522e+12
 294.0  2.60598e+12
 295.0  2.69489e+12
 296.0  2.57522e+12
 297.0  2.31896e+12
 298.0  2.34352e+12
 299.0  2.44525e+12
 300.0  1.92561e+12
 301.0  2.19457e+12
 302.0  2.04610e+12
 303.0  3.56058e+12
 304.0  3.13141e+12
 305.0  3.14254e+12
 306.0  3.27648e+12
 307.0  4.21088e+12
 308.0  4.20813e+12
 309.0  3.39186e+12
 310.0  4.31803e+12
 311.0  6.19488e+12
 312.0  5.16967e+12
 313.0  5.43182e+12
 314.0  5.33312e+12
 315.0  5.07015e+12
 316.0  4.47603e+12
 317.0  6.17540e+12
 318.0  5.01434e+12
 319.0  4.90317e+12
 320.0  5.53100e+12
 321.0  4.92408e+12
 322.0  4.76943e+12
 323.0  4.28203e+12
 324.0  5.33678e+12
 325.0  5.96349e+12
 326.0  7.72575e+12
 327.0  7.69127e+12
 328.0  7.76715e+12
 329.0  8.27475e+12
 330.0  9.27343e+12
 331.0  7.81204e+12
 332.0  8.99207e+12
 333.0  8.59907e+12
 334.0  8.49269e+12
 335.0  1.00368e+13
 336.0  9.87515e+12
 337.0  9.73545e+12
 338.0  9.78671e+12
 339.0  9.87232e+12
 340.0  9.95314e+12
 341.0  1.00281e+13
 342.0  1.00847e+13
 343.0  9.98146e+12
 344.0  9.84947e+12
 345.0  9.85760e+12
 346.0  1.00370e+13
 347.0  1.02322e+13
 348.0  1.05646e+13
 349.0  1.09217e+13
 350.0  1.12385e+13
 351.0  1.15060e+13
 352.0  1.17569e+13
 353.0  1.18638e+13
 354.0  1.19447e+13
 355.0  1.17247e+13
 356.0  1.11368e+13
 357.0  1.05899e+13
 358.0  1.03989e+13
 359.0  1.02718e+13
 360.0  1.04656e+13
 361.0  1.10515e+13
 362.0  1.16750e+13
 363.0  1.26249e+13
 364.0  1.36335e+13
 365.0  1.45264e+13
 366.0  1.52780e+13
 367.0  1.59293e+13
 368.0  1.57091e+13
 369.0  1.53322e+13
 370.0  1.46388e+13
 371.0  1.35587e+13
 372.0  1.25341e+13
 373.0  1.19916e+13
 374.0  1.15360e+13
 375.0  1.16340e+13
 376.0  1.24089e+13
 377.0  1.31157e+13
 378.0  1.32316e+13
 379.0  1.32412e+13
 380.0  1.27499e+13
 381.0  1.16465e+13
 382.0  1.06183e+13
 383.0  1.02448e+13
 384.0  9.98902e+12
 385.0  1.01455e+13
 386.0  1.08060e+13
 387.0  1.14696e+13
 388.0  1.21596e+13
 389.0  1.28543e+13
 390.0  1.31336e+13
 391.0  1.29051e+13
 392.0  1.26985e+13
 393.0  1.26832e+13
 394.0  1.27022e+13
 395.0  1.32954e+13
 396.0  1.45903e+13
 397.0  1.59758e+13
 398.0  1.81482e+13
 399.0  2.04621e+13
 400.0  2.23830e+13
 401.0  2.38236e+13
 402.0  2.51526e+13
 403.0  2.55118e+13
 404.0  2.56966e+13
 405.0  2.61213e+13
 406.0  2.68390e+13
 407.0  2.75660e+13
 408.0  2.83733e+13
 409.0  2.91950e+13
 410.0  2.96547e+13
 411.0  2.96718e+13
 412.0  2.96877e+13
 413.0  2.96923e+13
 414.0  2.96950e+13
 415.0  2.97098e+13
 416.0  2.97394e+13
 417.0  2.97628e+13
 418.0  2.97315e+13
 419.0  2.96904e+13
 420.0  2.96170e+13
 421.0  2.95040e+13
 422.0  2.93960e+13
 423.0  2.93300e+13
 424.0  2.92716e+13
 425.0  2.90968e+13
 426.0  2.87796e+13
 427.0  2.84978e+13
 428.0  2.85234e+13
 429.0  2.86044e+13
 430.0  2.92060e+13
 431.0  3.04440e+13
 432.0  3.16833e+13
 433.0  3.29330e+13
 434.0  3.41847e+13
 435.0  3.49091e+13
 436.0  3.49893e+13
 437.0  3.50734e+13
 438.0  3.51916e+13
 439.0  3.53159e+13
 440.0  3.57401e+13
 441.0  3.65307e+13
 442.0  3.73379e+13
 443.0  3.82892e+13
 444.0  3.92664e+13
 445.0  4.02481e+13
 446.0  4.12354e+13
 447.0  4.22236e+13
 448.0  4.32195e+13
 449.0  4.42167e+13
 450.0  4.48099e+13
 451.0  4.49094e+13
 452.0  4.50089e+13
 453.0  4.51084e+13
 454.0  4.52078e+13
 455.0  4.55139e+13
 456.0  4.60723e+13
 457.0  4.66175e+13
 458.0  4.70478e+13
 459.0  4.74575e+13
 460.0  4.77294e+13
 461.0  4.78331e+13
 462.0  4.79367e+13
 463.0  4.80404e+13
 464.0  4.81440e+13
 465.0  4.81774e+13
 466.0  4.81247e+13
 467.0  4.81138e+13
 468.0  4.84657e+13
 469.0  4.88828e+13
 470.0  4.92303e+13
 471.0  4.94927e+13
 472.0  4.97552e+13
 473.0  5.00192e+13
 474.0  5.02833e+13
 475.0  5.05483e+13
 476.0  5.08141e+13
 477.0  5.10658e+13
 478.0  5.11949e+13
 479.0  5.13019e+13
 480.0  5.14089e+13
 481.0  5.15159e+13
 482.0  5.15508e+13
 483.0  5.09596e+13
 484.0  5.02558e+13
 485.0  4.96950e+13
 486.0  4.93087e+13
 487.0  4.89803e+13
 488.0  4.91541e+13
 489.0  4.94183e+13
 490.0  4.96091e+13
 491.0  4.97103e+13
 492.0  4.98261e+13
 493.0  5.00698e+13
 494.0  5.03365e+13
 495.0  5.04542e+13
 496.0  5.03898e+13
 497.0  5.03104e+13
 498.0  5.01006e+13
 499.0  4.98674e+13
 500.0  4.97838e+13
 501.0  4.98833e+13
 502.0  4.99828e+13
 503.0  5.00823e+13
 504.0  5.01818e+13
 505.0  5.03576e+13
 506.0  5.06268e+13
 507.0  5.08506e+13
 508.0  5.06807e+13
 509.0  5.04399e+13
 510.0  4.99663e+13
 511.0  4.92082e+13
 512.0  4.84340e+13
 513.0  4.75203e+13
 514.0  4.65814e+13
 515.0  4.57938e+13
 516.0  4.51911e+13
 517.0  4.47113e+13
 518.0  4.53007e+13
 519.0  4.60824e+13
 520.0  4.73388e+13
 521.0  4.91753e+13
 522.0  5.09041e+13
 523.0  5.16970e+13
 524.0  5.23215e+13
 525.0  5.28688e+13
 526.0  5.33219e+13
 527.0  5.37911e+13
 528.0  5.43997e+13
 529.0  5.50334e+13
 530.0  5.54289e+13
 531.0  5.55334e+13
 532.0  5.56538e+13
 533.0  5.59123e+13
 534.0  5.61955e+13
 535.0  5.63987e+13
 536.0  5.65040e+13
 537.0  5.65773e+13
 538.0  5.63717e+13
 539.0  5.61160e+13
 540.0  5.60221e+13
 541.0  5.61257e+13
 542.0  5.62780e+13
 543.0  5.68523e+13
 544.0  5.75026e+13
 545.0  5.79904e+13
 546.0  5.82796e+13
 547.0  5.85854e+13
 548.0  5.90344e+13
 549.0  5.95093e+13
 550.0  5.98194e+13
 551.0  5.99280e+13
 552.0  6.00202e+13
 553.0  5.99691e+13
 554.0  5.98921e+13
 555.0  5.98145e+13
 556.0  5.97359e+13
 557.0  5.96571e+13
 558.0  5.95771e+13
 559.0  5.94968e+13
 560.0  5.95851e+13
 561.0  5.98794e+13
 562.0  6.01738e+13
 563.0  6.04695e+13
 564.0  6.07654e+13
 565.0  6.09767e+13
 566.0  6.10846e+13
 567.0  6.11924e+13
 568.0  6.13003e+13
 569.0  6.14081e+13
 570.0  6.17744e+13
 571.0  6.24566e+13
 572.0  6.31050e+13
 573.0  6.34603e+13
 574.0  6.37630e+13
 575.0  6.39794e+13
 576.0  6.40906e+13
 577.0  6.41846e+13
 578.0  6.41287e+13
 579.0  6.40460e+13
 580.0  6.42254e+13
 581.0  6.47253e+13
 582.0  6.51908e+13
 583.0  6.53567e+13
 584.0  6.54687e+13
 585.0  6.51387e+13
 586.0  6.42684e+13
 587.0  6.34499e+13
 588.0  6.30821e+13
 589.0  6.27954e+13
 590.0  6.31312e+13
 591.0  6.42281e+13
 592.0  6.52549e+13
 593.0  6.56736e+13
 594.0  6.59829e+13
 595.0  6.59333e+13
 596.0  6.54451e+13
 597.0  6.49743e+13
 598.0  6.46545e+13
 599.0  6.43619e+13
 600.0  6.43397e+13
 601.0  6.46482e+13
 602.0  6.49568e+13
 603.0  6.52668e+13
 604.0  6.55769e+13
 605.0  6.57050e+13
 606.0  6.56105e+13
 607.0  6.54796e+13
 608.0  6.50324e+13
 609.0  6.45283e+13
 610.0  6.41141e+13
 611.0  6.38100e+13
 612.0  6.35238e+13
 613.0  6.33937e+13
 614.0  6.32917e+13
 615.0  6.32819e+13
 616.0  6.33847e+13
 617.0  6.35060e+13
 618.0  6.37873e+13
 619.0  6.40975e+13
 620.0  6.43147e+13
 621.0  6.44184e+13
 622.0  6.45035e+13
 623.0  6.44271e+13
 624.0  6.43218e+13
 625.0  6.43101e+13
 626.0  6.44130e+13
 627.0  6.45158e+13
 628.0  6.46186e+13
 629.0  6.47214e+13
 630.0  6.48242e+13
 631.0  6.49271e+13
 632.0  6.50110e+13
 633.0  6.49310e+13
 634.0  6.48215e+13
 635.0  6.49030e+13
 636.0  6.52182e+13
 637.0  6.54955e+13
 638.0  6.54435e+13
 639.0  6.53323e+13
 640.0  6.52204e+13
 641.0  6.51075e+13
 642.0  6.50328e+13
 643.0  6.52900e+13
 644.0  6.56068e+13
 645.0  6.58270e+13
 646.0  6.59290e+13
 647.0  6.59537e+13
 648.0  6.53070e+13
 649.0  6.45395e+13
 650.0  6.41618e+13
 651.0  6.42604e+13
 652.0  6.43396e+13
 653.0  6.42496e+13
 654.0  6.41292e+13
 655.0  6.42060e+13
 656.0  6.45236e+13
 657.0  6.48807e+13
 658.0  6.55799e+13
 659.0  6.63407e+13
 660.0  6.68046e+13
 661.0  6.69058e+13
 662.0  6.70069e+13
 663.0  6.71081e+13
 664.0  6.72092e+13
 665.0  6.73104e+13
 666.0  6.74115e+13
 667.0  6.74728e+13
 668.0  6.71881e+13
 669.0  6.68412e+13
 670.0  6.65939e+13
 671.0  6.64685e+13
 672.0  6.63630e+13
 673.0  6.64306e+13
 674.0  6.65292e+13
 675.0  6.66278e+13
 676.0  6.67265e+13
 677.0  6.67645e+13
 678.0  6.62757e+13
 679.0  6.56921e+13
 680.0  6.54145e+13
 681.0  6.55106e+13
 682.0  6.56475e+13
 683.0  6.61381e+13
 684.0  6.66924e+13
 685.0  6.65240e+13
 686.0  6.54725e+13
 687.0  6.45433e+13
 688.0  6.46766e+13
 689.0  6.50009e+13
 690.0  6.52218e+13
 691.0  6.53163e+13
 692.0  6.54314e+13
 693.0  6.57258e+13
 694.0  6.60525e+13
 695.0  6.61702e+13
 696.0  6.60324e+13
 697.0  6.58737e+13
 698.0  6.55328e+13
 699.0  6.51591e+13
 700.0  6.48896e+13
 701.0  6.47475e+13
 702.0  6.46052e+13
 703.0  6.44616e+13
 704.0  6.43178e+13
 705.0  6.42797e+13
 706.0  6.43708e+13
 707.0  6.44831e+13
 708.0  6.47786e+13
 709.0  6.51072e+13
 710.0  6.53293e+13
 711.0  6.54212e+13
 712.0  6.55132e+13
 713.0  6.56051e+13
 714.0  6.56971e+13
 715.0  6.55731e+13
 716.0  6.51852e+13
 717.0  6.47542e+13
 718.0  6.39487e+13
 719.0  6.30759e+13
 720.0  6.27437e+13
 721.0  6.30723e+13
 722.0  6.34010e+13
 723.0  6.37309e+13
 724.0  6.40612e+13
 725.0  6.41732e+13
 726.0  6.40185e+13
 727.0  6.38854e+13
 728.0  6.39395e+13
 729.0  6.40273e+13
 730.0  6.42253e+13
 731.0  6.45580e+13
 732.0  6.48472e+13
 733.0  6.47580e+13
 734.0  6.46009e+13
 735.0  6.44429e+13
 736.0  6.42841e+13
 737.0  6.41471e+13
 738.0  6.41999e+13
 739.0  6.42868e+13
 740.0  6.43738e+13
 741.0  6.44607e+13
 742.0  6.45476e+13
 743.0  6.46346e+13
 744.0  6.47215e+13
 745.0  6.48085e+13
 746.0  6.48954e+13
 747.0  6.49823e+13
 748.0  6.50693e+13
 749.0  6.51562e+13
 750.0  6.51299e+13
 751.0  6.49652e+13
 752.0  6.47109e+13
 753.0  6.42442e+13
 754.0  6.43295e+13
 755.0  6.42724e+13
 756.0  6.40415e+13
 757.0  6.39525e+13
 758.0  6.40370e+13
 759.0  6.39783e+13
 760.0  6.37446e+13
 761.0  6.36537e+13
 762.0  6.37373e+13
 763.0  6.38209e+13
 764.0  6.39045e+13
 765.0  6.35263e+13
 766.0  6.25839e+13
 767.0  6.25215e+13
 768.0  6.35347e+13
 769.0  6.38538e+13
 770.0  6.33248e+13
 771.0  6.31142e+13
 772.0  6.32929e+13
 773.0  6.32240e+13
 774.0  6.28526e+13
 775.0  6.29769e+13
 776.0  6.37074e+13
 777.0  6.40437e+13
 778.0  6.38983e+13
 779.0  6.37816e+13
 780.0  6.37002e+13
 781.0  6.35007e+13
 782.0  6.31570e+13
 783.0  6.29450e+13
 784.0  6.28939e+13
 785.0  6.30499e+13
 786.0  6.34590e+13
 787.0  6.35869e+13
 788.0  6.33711e+13
 789.0  6.30505e+13
 790.0  6.26016e+13
 791.0  6.21515e+13
 792.0  6.16999e+13
 793.0  6.13967e+13
 794.0  6.12751e+13
 795.0  6.15576e+13
 796.0  6.23341e+13
 797.0  6.27665e+13
 798.0  6.27784e+13
 799.0  6.25943e+13
 800.0  6.21708e+13
 801.0  6.19877e+13
 802.0  6.20985e+13
 803.0  6.20429e+13
 804.0  6.17838e+13
 805.0  6.17517e+13
 806.0  6.19971e+13
 807.0  6.18623e+13
 808.0  6.12630e+13
 809.0  6.10740e+13
 810.0  6.13866e+13
 811.0  6.16538e+13
 812.0  6.18656e+13
 813.0  6.19244e+13
 814.0  6.17962e+13
 815.0  6.17291e+13
 816.0  6.17367e+13
 817.0  6.12356e+13
 818.0  6.01128e+13
 819.0  5.96516e+13
 820.0  5.99990e+13
 821.0  6.02075e+13
 822.0  6.02462e+13
 823.0  6.04246e+13
 824.0  6.07739e+13
 825.0  6.10926e+13
 826.0  6.13740e+13
 827.0  6.14687e+13
 828.0  6.13351e+13
 829.0  6.09978e+13
 830.0  6.04117e+13
 831.0  5.99651e+13
 832.0  5.96892e+13
 833.0  5.96796e+13
 834.0  5.99954e+13
 835.0  6.02330e+13
 836.0  6.03751e+13
 837.0  6.00440e+13
 838.0  5.91344e+13
 839.0  5.90609e+13
 840.0  6.00095e+13
 841.0  6.02307e+13
 842.0  5.95627e+13
 843.0  5.94018e+13
 844.0  5.98605e+13
 845.0  5.99695e+13
 846.0  5.96513e+13
 847.0  5.96037e+13
 848.0  5.98869e+13
 849.0  5.94662e+13
 850.0  5.81852e+13
 851.0  5.80405e+13
 852.0  5.92845e+13
 853.0  5.91320e+13
 854.0  5.72726e+13
 855.0  5.71822e+13
 856.0  5.92540e+13
 857.0  6.01344e+13
 858.0  5.95587e+13
 859.0  5.92244e+13
 860.0  5.91854e+13
 861.0  5.92921e+13
 862.0  5.95771e+13
 863.0  5.97813e+13
 864.0  5.98869e+13
 865.0  5.88998e+13
 866.0  5.65773e+13
 867.0  5.58190e+13
 868.0  5.69724e+13
 869.0  5.78823e+13
 870.0  5.84947e+13
 871.0  5.88784e+13
 872.0  5.89824e+13
 873.0  5.89055e+13
 874.0  5.86074e+13
 875.0  5.86054e+13
 876.0  5.89655e+13
 877.0  5.90616e+13
 878.0  5.88351e+13
 879.0  5.82767e+13
 880.0  5.73124e+13
 881.0  5.70768e+13
 882.0  5.77318e+13
 883.0  5.82215e+13
 884.0  5.85092e+13
 885.0  5.84136e+13
 886.0  5.78497e+13
 887.0  5.78362e+13
 888.0  5.84957e+13
 889.0  5.89216e+13
 890.0  5.90623e+13
 891.0  5.88840e+13
 892.0  5.83159e+13
 893.0  5.79653e+13
 894.0  5.78806e+13
 895.0  5.78968e+13
 896.0  5.80364e+13
 897.0  5.81593e+13
 898.0  5.82617e+13
 899.0  5.77710e+13
 900.0  5.71024e+13
