    6.0  0.00000e+00
    7.0  0.00000e+00
    8.0  0.00000e+00
    9.0  0.00000e+00
   10.0  0.00000e+00
   11.0  0.00000e+00
   12.0  0.00000e+00
   13.0  0.00000e+00
   14.0  0.00000e+00
   15.0  0.00000e+00
   16.0  0.00000e+00
   17.0  0.00000e+00
   18.0  0.00000e+00
   19.0  0.00000e+00
   20.0  0.00000e+00
   21.0  0.00000e+00
   22.0  0.00000e+00
   23.0  0.00000e+00
   24.0  0.00000e+00
   25.0  0.00000e+00
   26.0  0.00000e+00
   27.0  0.00000e+00
   28.0  0.00000e+00
   29.0  0.00000e+00
   30.0  0.00000e+00
   31.0  0.00000e+00
   32.0  0.00000e+00
   33.0  0.00000e+00
   34.0  0.00000e+00
   35.0  0.00000e+00
   36.0  0.00000e+00
   37.0  0.00000e+00
   38.0  0.00000e+00
   39.0  0.00000e+00
   40.0  0.00000e+00
   41.0  0.00000e+00
   42.0  0.00000e+00
   43.0  0.00000e+00
   44.0  0.00000e+00
   45.0  0.00000e+00
   46.0  0.00000e+00
   47.0  0.00000e+00
   48.0  0.00000e+00
   49.0  4.24481e-04
   50.0  1.47909e-03
   51.0  2.45661e-03
   52.0  3.33322e-03
   53.0  3.22281e-03
   54.0  3.11195e-03
   55.0  2.89400e-03
   56.0  2.78625e-03
   57.0  3.09147e-03
   58.0  2.97945e-03
   59.0  2.70572e-03
   60.0  3.70888e-03
   61.0  4.21025e-03
   62.0  3.78557e-03
   63.0  3.16490e-03
   64.0  2.82544e-03
   65.0  2.71376e-03
   66.0  2.48933e-03
   67.0  1.49653e-03
   68.0  5.58842e-04
   69.0  1.53551e-03
   70.0  1.59251e-03
   71.0  5.23086e-04
   72.0  3.31297e-04
   73.0  5.20379e-04
   74.0  1.08156e-03
   75.0  1.74056e-03
   76.0  3.32760e-03
   77.0  5.44593e-03
   78.0  8.29770e-03
   79.0  1.13985e-02
   80.0  1.46202e-02
   81.0  1.82784e-02
   82.0  2.19768e-02
   83.0  2.52693e-02
   84.0  2.70343e-02
   85.0  2.64715e-02
   86.0  2.50554e-02
   87.0  2.35809e-02
   88.0  2.31400e-02
   89.0  2.21715e-02
   90.0  2.11729e-02
   91.0  2.33232e-02
   92.0  2.79947e-02
   93.0  3.70159e-02
   94.0  4.41920e-02
   95.0  5.39039e-02
   96.0  6.40867e-02
   97.0  7.25047e-02
   98.0  8.19545e-02
   99.0  8.94603e-02
  100.0  9.76014e-02
  101.0  1.05950e-01
  102.0  1.13737e-01
  103.0  1.21192e-01
  104.0  1.28912e-01
  105.0  1.34511e-01
  106.0  1.39264e-01
  107.0  1.40000e-01
  108.0  1.40000e-01
  109.0  1.40000e-01
  110.0  1.40000e-01
  111.0  1.40000e-01
  112.0  1.40000e-01
  113.0  1.40000e-01
  114.0  1.40000e-01
  115.0  1.40000e-01
  116.0  1.40000e-01
  117.0  1.40000e-01
  118.0  1.40000e-01
  119.0  1.40000e-01
  120.0  1.40000e-01
  121.0  3.00000e-01
  122.0  1.40000e-01
  123.0  1.40000e-01
  124.0  1.40000e-01
  125.0  1.40000e-01
  126.0  1.40000e-01
  127.0  1.40000e-01
  128.0  1.40000e-01
  129.0  1.40000e-01
  130.0  1.40000e-01
  131.0  1.40000e-01
  132.0  1.40000e-01
  133.0  1.40000e-01
  134.0  1.40000e-01
  135.0  1.40000e-01
  136.0  1.40000e-01
  137.0  1.40000e-01
  138.0  1.40000e-01
  139.0  1.40000e-01
  140.0  1.40000e-01
  141.0  1.40000e-01
  142.0  1.40000e-01
  143.0  1.40000e-01
  144.0  1.40000e-01
  145.0  1.40000e-01
  146.0  1.40000e-01
  147.0  1.40000e-01
  148.0  1.40000e-01
  149.0  1.40000e-01
  150.0  1.40000e-01
  151.0  1.40000e-01
  152.0  1.40000e-01
  153.0  1.40000e-01
  154.0  1.40000e-01
  155.0  1.40000e-01
  156.0  1.40000e-01
  157.0  1.40000e-01
  158.0  1.40000e-01
  159.0  1.40000e-01
