    4.0  0.00000e+00
    5.0  0.00000e+00
    6.0  0.00000e+00
    7.0  0.00000e+00
    8.0  0.00000e+00
    9.0  0.00000e+00
   10.0  0.00000e+00
   11.0  0.00000e+00
   12.0  0.00000e+00
   13.0  0.00000e+00
   14.0  0.00000e+00
   15.0  0.00000e+00
   16.0  0.00000e+00
   17.0  0.00000e+00
   18.0  0.00000e+00
   19.0  0.00000e+00
   20.0  6.14064e-03
   21.0  6.42852e-03
   22.0  6.72989e-03
   23.0  7.04538e-03
   24.0  7.37567e-03
   25.0  7.72145e-03
   26.0  8.08343e-03
   27.0  8.46238e-03
   28.0  8.85910e-03
   29.0  9.27442e-03
   30.0  9.70921e-03
   31.0  1.01644e-02
   32.0  1.06409e-02
   33.0  1.11397e-02
   34.0  1.16620e-02
   35.0  1.22087e-02
   36.0  1.27810e-02
   37.0  1.33802e-02
   38.0  1.40075e-02
   39.0  1.46641e-02
   40.0  1.53770e-02
   41.0  1.61499e-02
   42.0  1.69616e-02
   43.0  1.78142e-02
   44.0  1.87096e-02
   45.0  1.96500e-02
   46.0  2.06377e-02
   47.0  2.16750e-02
   48.0  2.27645e-02
   49.0  2.39088e-02
   50.0  2.51105e-02
   51.0  2.63727e-02
   52.0  2.76982e-02
   53.0  2.90905e-02
   54.0  3.05527e-02
   55.0  3.20884e-02
   56.0  3.37013e-02
   57.0  3.53952e-02
   58.0  3.71743e-02
   59.0  3.90428e-02
   60.0  4.02244e-02
   61.0  4.06757e-02
   62.0  4.11321e-02
   63.0  4.15936e-02
   64.0  4.20602e-02
   65.0  4.25321e-02
   66.0  4.30093e-02
   67.0  4.34919e-02
   68.0  4.39798e-02
   69.0  4.44733e-02
   70.0  4.49722e-02
   71.0  4.54768e-02
   72.0  4.59870e-02
   73.0  4.65030e-02
   74.0  4.70248e-02
   75.0  4.75524e-02
   76.0  4.80859e-02
   77.0  4.86254e-02
   78.0  4.91709e-02
   79.0  4.97226e-02
   80.0  5.00000e-02
   81.0  5.00000e-02
   82.0  5.00000e-02
   83.0  5.00000e-02
   84.0  5.00000e-02
   85.0  5.00000e-02
   86.0  5.00000e-02
   87.0  5.00000e-02
   88.0  5.00000e-02
   89.0  5.00000e-02
   90.0  5.00000e-02
   91.0  5.00000e-02
   92.0  5.00000e-02
   93.0  5.00000e-02
   94.0  5.00000e-02
   95.0  5.00000e-02
   96.0  5.00000e-02
   97.0  5.00000e-02
   98.0  5.00000e-02
   99.0  5.00000e-02
  100.0  5.00000e-02
  101.0  5.00000e-02
  102.0  5.00000e-02
  103.0  5.00000e-02
  104.0  5.00000e-02
  105.0  5.00000e-02
  106.0  5.00000e-02
  107.0  5.00000e-02
  108.0  5.00000e-02
  109.0  5.00000e-02
  110.0  5.00000e-02
  111.0  5.00000e-02
  112.0  5.00000e-02
  113.0  5.00000e-02
  114.0  5.00000e-02
  115.0  5.00000e-02
  116.0  5.00000e-02
  117.0  5.00000e-02
  118.0  5.00000e-02
  119.0  5.00000e-02
  120.0  5.00000e-02
  121.0  5.00000e-02
  122.0  5.00000e-02
  123.0  5.00000e-02
  124.0  5.00000e-02
  125.0  5.00000e-02
  126.0  5.00000e-02
  127.0  5.00000e-02
  128.0  5.00000e-02
  129.0  5.00000e-02
  130.0  5.00000e-02
  131.0  5.00000e-02
  132.0  5.00000e-02
  133.0  5.00000e-02
  134.0  5.00000e-02
  135.0  5.00000e-02
  136.0  5.00000e-02
  137.0  5.00000e-02
  138.0  5.00000e-02
  139.0  5.00000e-02
  140.0  5.00000e-02
  141.0  5.00000e-02
  142.0  5.00000e-02
  143.0  5.00000e-02
  144.0  5.00000e-02
  145.0  5.00000e-02
  146.0  5.00000e-02
  147.0  5.00000e-02
  148.0  5.00000e-02
  149.0  5.00000e-02
  150.0  5.00000e-02
  151.0  5.00000e-02
  152.0  5.00000e-02
  153.0  5.00000e-02
  154.0  5.00000e-02
  155.0  5.00000e-02
  156.0  5.00000e-02
  157.0  5.00000e-02
  158.0  5.00000e-02
  159.0  5.00000e-02
  160.0  5.00000e-02
  161.0  5.00000e-02
  162.0  5.00000e-02
  163.0  5.00000e-02
  164.0  5.00000e-02
  165.0  5.00000e-02
  166.0  5.00000e-02
  167.0  5.00000e-02
  168.0  5.00000e-02
  169.0  5.00000e-02
  170.0  5.00000e-02
  171.0  5.00000e-02
  172.0  5.00000e-02
  173.0  5.00000e-02
  174.0  5.00000e-02
  175.0  5.00000e-02
  176.0  5.00000e-02
  177.0  5.00000e-02
  178.0  5.00000e-02
  179.0  5.00000e-02
  180.0  5.00000e-02
  181.0  5.00000e-02
  182.0  5.00000e-02
  183.0  5.00000e-02
  184.0  5.00000e-02
  185.0  5.00000e-02
  186.0  5.00000e-02
  187.0  5.00000e-02
  188.0  5.00000e-02
  189.0  5.00000e-02
  190.0  5.00000e-02
  191.0  5.00000e-02
  192.0  5.00000e-02
  193.0  5.00000e-02
  194.0  5.00000e-02
  195.0  5.00000e-02
  196.0  5.00000e-02
  197.0  5.00000e-02
  198.0  5.00000e-02
  199.0  5.00000e-02
  200.0  5.00000e-02
  201.0  5.00000e-02
  202.0  5.00000e-02
  203.0  5.00000e-02
  204.0  5.00000e-02
  205.0  5.00000e-02
  206.0  5.00000e-02
  207.0  5.00000e-02
  208.0  5.00000e-02
  209.0  5.00000e-02
  210.0  5.00000e-02
  211.0  5.00000e-02
  212.0  5.00000e-02
  213.0  5.00000e-02
  214.0  5.00000e-02
  215.0  5.00000e-02
  216.0  5.00000e-02
  217.0  5.00000e-02
  218.0  5.00000e-02
