   50.0  0.00000e+00
   51.0  0.00000e+00
   52.0  0.00000e+00
   53.0  0.00000e+00
   54.0  0.00000e+00
   55.0  0.00000e+00
   56.0  0.00000e+00
   57.0  0.00000e+00
   58.0  0.00000e+00
   59.0  0.00000e+00
   60.0  0.00000e+00
   61.0  0.00000e+00
   62.0  0.00000e+00
   63.0  0.00000e+00
   64.0  0.00000e+00
   65.0  0.00000e+00
   66.0  0.00000e+00
   67.0  0.00000e+00
   68.0  0.00000e+00
   69.0  0.00000e+00
   70.0  0.00000e+00
   71.0  0.00000e+00
   72.0  0.00000e+00
   73.0  0.00000e+00
   74.0  0.00000e+00
   75.0  0.00000e+00
   76.0  0.00000e+00
   77.0  0.00000e+00
   78.0  0.00000e+00
   79.0  0.00000e+00
   80.0  0.00000e+00
   81.0  0.00000e+00
   82.0  0.00000e+00
   83.0  0.00000e+00
   84.0  0.00000e+00
   85.0  0.00000e+00
   86.0  0.00000e+00
   87.0  0.00000e+00
   88.0  0.00000e+00
   89.0  0.00000e+00
   90.0  0.00000e+00
   91.0  0.00000e+00
   92.0  0.00000e+00
   93.0  0.00000e+00
   94.0  0.00000e+00
   95.0  0.00000e+00
   96.0  0.00000e+00
   97.0  0.00000e+00
   98.0  0.00000e+00
   99.0  0.00000e+00
  100.0  0.00000e+00
  101.0  0.00000e+00
  102.0  0.00000e+00
  103.0  0.00000e+00
  104.0  0.00000e+00
  105.0  0.00000e+00
  106.0  0.00000e+00
  107.0  0.00000e+00
  108.0  0.00000e+00
  109.0  0.00000e+00
  110.0  0.00000e+00
  111.0  0.00000e+00
  112.0  0.00000e+00
  113.0  0.00000e+00
  114.0  0.00000e+00
  115.0  0.00000e+00
  116.0  0.00000e+00
  117.0  0.00000e+00
  118.0  0.00000e+00
  119.0  0.00000e+00
  120.0  3.35948e-93
  121.0  2.49728e-73
  122.0  6.49857e-56
  123.0  7.41434e-41
  124.0  3.56708e-28
  125.0  1.13479e-17
  126.0  2.91231e-09
  127.0  1.55481e-03
  128.0  5.17499e-01
  129.0  9.88046e-01
  130.0  9.95383e-01
  131.0  9.94795e-01
  132.0  9.75069e-01
  133.0  9.99118e-01
  134.0  9.98420e-01
  135.0  5.12546e-01
  136.0  7.35477e-01
  137.0  9.99926e-01
  138.0  1.00000e+00
  139.0  1.00000e+00
  140.0  1.00000e+00
  141.0  1.00000e+00
  142.0  1.00000e+00
  143.0  1.00000e+00
  144.0  1.00000e+00
  145.0  1.00000e+00
  146.0  1.00000e+00
  147.0  1.00000e+00
  148.0  1.00000e+00
  149.0  1.00000e+00
  150.0  1.00000e+00
  151.0  1.00000e+00
  152.0  1.00000e+00
  153.0  1.00000e+00
  154.0  1.00000e+00
  155.0  1.00000e+00
  156.0  1.00000e+00
  157.0  1.00000e+00
  158.0  1.00000e+00
  159.0  1.00000e+00
  160.0  1.00000e+00
  161.0  1.00000e+00
  162.0  1.00000e+00
  163.0  1.00000e+00
  164.0  1.00000e+00
  165.0  1.00000e+00
  166.0  1.00000e+00
  167.0  1.00000e+00
  168.0  1.00000e+00
  169.0  1.00000e+00
  170.0  1.00000e+00
  171.0  1.00000e+00
  172.0  1.00000e+00
  173.0  1.00000e+00
  174.0  1.00000e+00
  175.0  1.00000e+00
  176.0  1.00000e+00
  177.0  1.00000e+00
  178.0  1.00000e+00
  179.0  1.00000e+00
  180.0  1.00000e+00
  181.0  1.00000e+00
  182.0  1.00000e+00
  183.0  1.00000e+00
  184.0  1.00000e+00
  185.0  1.00000e+00
  186.0  1.00000e+00
  187.0  1.00000e+00
  188.0  1.00000e+00
  189.0  1.00000e+00
  190.0  1.00000e+00
  191.0  1.00000e+00
  192.0  1.00000e+00
  193.0  1.00000e+00
  194.0  1.00000e+00
  195.0  1.00000e+00
  196.0  1.00000e+00
  197.0  1.00000e+00
  198.0  1.00000e+00
  199.0  1.00000e+00
  200.0  1.00000e+00
  201.0  1.00000e+00
  202.0  1.00000e+00
  203.0  1.00000e+00
  204.0  1.00000e+00
  205.0  1.00000e+00
  206.0  1.00000e+00
  207.0  1.00000e+00
  208.0  1.00000e+00
  209.0  1.00000e+00
  210.0  1.00000e+00
  211.0  1.00000e+00
  212.0  1.00000e+00
  213.0  1.00000e+00
  214.0  1.00000e+00
  215.0  1.00000e+00
  216.0  1.00000e+00
  217.0  1.00000e+00
  218.0  1.00000e+00
  219.0  1.00000e+00
  220.0  1.00000e+00
