    6.0  0.00000e+00
    7.0  0.00000e+00
    8.0  0.00000e+00
    9.0  0.00000e+00
   10.0  0.00000e+00
   11.0  0.00000e+00
   12.0  0.00000e+00
   13.0  0.00000e+00
   14.0  0.00000e+00
   15.0  0.00000e+00
   16.0  0.00000e+00
   17.0  0.00000e+00
   18.0  0.00000e+00
   19.0  0.00000e+00
   20.0  0.00000e+00
   21.0  0.00000e+00
   22.0  0.00000e+00
   23.0  0.00000e+00
   24.0  0.00000e+00
   25.0  0.00000e+00
   26.0  0.00000e+00
   27.0  0.00000e+00
   28.0  0.00000e+00
   29.0  0.00000e+00
   30.0  0.00000e+00
   31.0  0.00000e+00
   32.0  0.00000e+00
   33.0  0.00000e+00
   34.0  0.00000e+00
   35.0  0.00000e+00
   36.0  0.00000e+00
   37.0  0.00000e+00
   38.0  0.00000e+00
   39.0  0.00000e+00
   40.0  0.00000e+00
   41.0  0.00000e+00
   42.0  0.00000e+00
   43.0  0.00000e+00
   44.0  0.00000e+00
   45.0  0.00000e+00
   46.0  0.00000e+00
   47.0  0.00000e+00
   48.0  0.00000e+00
   49.0  0.00000e+00
   50.0  0.00000e+00
   51.0  0.00000e+00
   52.0  0.00000e+00
   53.0  0.00000e+00
   54.0  0.00000e+00
   55.0  0.00000e+00
   56.0  0.00000e+00
   57.0  0.00000e+00
   58.0  0.00000e+00
   59.0  0.00000e+00
   60.0  0.00000e+00
   61.0  0.00000e+00
   62.0  0.00000e+00
   63.0  0.00000e+00
   64.0  0.00000e+00
   65.0  0.00000e+00
   66.0  0.00000e+00
   67.0  0.00000e+00
   68.0  0.00000e+00
   69.0  0.00000e+00
   70.0  0.00000e+00
   71.0  0.00000e+00
   72.0  0.00000e+00
   73.0  0.00000e+00
   74.0  0.00000e+00
   75.0  0.00000e+00
   76.0  0.00000e+00
   77.0  4.06470e-04
   78.0  2.65870e-03
   79.0  4.75710e-03
   80.0  5.34710e-03
   81.0  4.81300e-03
   82.0  4.24290e-03
   83.0  3.08420e-03
   84.0  2.08400e-03
   85.0  1.20060e-03
   86.0  6.32880e-04
   87.0  3.14820e-04
   88.0  1.41600e-04
   89.0  6.30370e-05
   90.0  2.82320e-05
   91.0  1.25460e-05
   92.0  5.56910e-06
   93.0  2.47750e-06
   94.0  1.20660e-06
   95.0  5.00000e-07
   96.0  2.00000e-07
   97.0  1.00000e-07
   98.0  0.00000e+00
   99.0  0.00000e+00
  100.0  0.00000e+00
  101.0  0.00000e+00
  102.0  0.00000e+00
  103.0  0.00000e+00
  104.0  0.00000e+00
  105.0  0.00000e+00
  106.0  0.00000e+00
  107.0  0.00000e+00
  108.0  0.00000e+00
  109.0  0.00000e+00
  110.0  0.00000e+00
  111.0  0.00000e+00
  112.0  0.00000e+00
  113.0  0.00000e+00
  114.0  0.00000e+00
  115.0  0.00000e+00
  116.0  0.00000e+00
  117.0  0.00000e+00
  118.0  0.00000e+00
  119.0  0.00000e+00
  120.0  0.00000e+00
  121.0  0.00000e+00
  122.0  0.00000e+00
  123.0  0.00000e+00
  124.0  0.00000e+00
  125.0  0.00000e+00
  126.0  0.00000e+00
  127.0  0.00000e+00
  128.0  0.00000e+00
  129.0  0.00000e+00
  130.0  0.00000e+00
  131.0  0.00000e+00
  132.0  0.00000e+00
  133.0  0.00000e+00
  134.0  0.00000e+00
  135.0  0.00000e+00
  136.0  0.00000e+00
  137.0  0.00000e+00
  138.0  0.00000e+00
  139.0  0.00000e+00
  140.0  0.00000e+00
  141.0  0.00000e+00
  142.0  0.00000e+00
  143.0  0.00000e+00
  144.0  0.00000e+00
  145.0  0.00000e+00
  146.0  0.00000e+00
  147.0  0.00000e+00
  148.0  0.00000e+00
  149.0  0.00000e+00
  150.0  0.00000e+00
  151.0  0.00000e+00
