    7.0  3.45280e-02
    8.0  4.03540e-02
    9.0  3.48140e-02
   10.0  2.37400e-02
   11.0  1.89970e-02
   12.0  2.67630e-02
   13.0  1.59690e-02
   14.0  1.70880e-02
   15.0  1.36080e-02
   16.0  1.02980e-02
   17.0  1.10120e-02
   18.0  3.39700e-03
   19.0  0.00000e+00
   20.0  0.00000e+00
   21.0  0.00000e+00
   22.0  0.00000e+00
   23.0  0.00000e+00
   24.0  0.00000e+00
   25.0  0.00000e+00
   26.0  0.00000e+00
   27.0  0.00000e+00
   28.0  0.00000e+00
   29.0  0.00000e+00
   30.0  0.00000e+00
   31.0  0.00000e+00
   32.0  0.00000e+00
   33.0  0.00000e+00
   34.0  0.00000e+00
   35.0  0.00000e+00
   36.0  0.00000e+00
   37.0  0.00000e+00
   38.0  0.00000e+00
   39.0  0.00000e+00
   40.0  0.00000e+00
   41.0  0.00000e+00
   42.0  0.00000e+00
   43.0  0.00000e+00
   44.0  0.00000e+00
   45.0  0.00000e+00
   46.0  0.00000e+00
   47.0  0.00000e+00
   48.0  0.00000e+00
   49.0  0.00000e+00
   50.0  0.00000e+00
   51.0  0.00000e+00
   52.0  0.00000e+00
   53.0  0.00000e+00
   54.0  0.00000e+00
   55.0  0.00000e+00
   56.0  1.39800e-03
   57.0  1.59550e-02
   58.0  3.07320e-02
   59.0  7.44270e-02
   60.0  2.33280e-02
   61.0  5.25900e-02
   62.0  1.12220e-02
   63.0  1.42966e-01
   64.0  2.20538e-01
   65.0  1.84560e-01
   66.0  2.48937e-01
   67.0  2.74261e-01
   68.0  3.28694e-01
   69.0  2.28324e-01
   70.0  3.05576e-01
   71.0  2.78929e-01
   72.0  4.06888e-01
   73.0  4.26095e-01
   74.0  5.04681e-01
   75.0  5.41159e-01
   76.0  4.71172e-01
   77.0  4.11164e-01
   78.0  4.50752e-01
   79.0  3.77687e-01
   80.0  3.15814e-01
   81.0  2.54088e-01
   82.0  9.55640e-02
   83.0  1.89550e-02
   84.0  1.06000e-02
   85.0  6.57500e-03
   86.0  2.81000e-04
   87.0  0.00000e+00
   88.0  0.00000e+00
   89.0  0.00000e+00
   90.0  0.00000e+00
   91.0  0.00000e+00
   92.0  0.00000e+00
   93.0  0.00000e+00
   94.0  0.00000e+00
   95.0  0.00000e+00
   96.0  0.00000e+00
   97.0  0.00000e+00
   98.0  0.00000e+00
   99.0  0.00000e+00
  100.0  0.00000e+00
  101.0  0.00000e+00
  102.0  0.00000e+00
  103.0  0.00000e+00
  104.0  0.00000e+00
  105.0  0.00000e+00
  106.0  0.00000e+00
  107.0  0.00000e+00
  108.0  0.00000e+00
  109.0  0.00000e+00
  110.0  0.00000e+00
  111.0  0.00000e+00
  112.0  0.00000e+00
  113.0  0.00000e+00
  114.0  0.00000e+00
  115.0  0.00000e+00
  116.0  0.00000e+00
  117.0  0.00000e+00
  118.0  0.00000e+00
  119.0  0.00000e+00
  120.0  0.00000e+00
  121.0  0.00000e+00
  122.0  0.00000e+00
  123.0  0.00000e+00
  124.0  0.00000e+00
  125.0  0.00000e+00
  126.0  0.00000e+00
  127.0  0.00000e+00
  128.0  0.00000e+00
  129.0  0.00000e+00
  130.0  0.00000e+00
  131.0  0.00000e+00
  132.0  0.00000e+00
  133.0  0.00000e+00
  134.0  0.00000e+00
  135.0  0.00000e+00
  136.0  0.00000e+00
  137.0  0.00000e+00
  138.0  0.00000e+00
  139.0  0.00000e+00
  140.0  0.00000e+00
  141.0  0.00000e+00
  142.0  0.00000e+00
  143.0  0.00000e+00
  144.0  0.00000e+00
  145.0  0.00000e+00
  146.0  0.00000e+00
  147.0  0.00000e+00
  148.0  0.00000e+00
  149.0  0.00000e+00
  150.0  0.00000e+00
  151.0  0.00000e+00
  152.0  0.00000e+00
  153.0  0.00000e+00
  154.0  0.00000e+00
  155.0  0.00000e+00
  156.0  0.00000e+00
  157.0  0.00000e+00
  158.0  0.00000e+00
  159.0  0.00000e+00
  160.0  0.00000e+00
  161.0  0.00000e+00
  162.0  0.00000e+00
  163.0  0.00000e+00
