   65.0  0.00000e+00
   66.0  0.00000e+00
   67.0  0.00000e+00
   68.0  0.00000e+00
   69.0  0.00000e+00
   70.0  0.00000e+00
   71.0  0.00000e+00
   72.0  0.00000e+00
   73.0  0.00000e+00
   74.0  0.00000e+00
   75.0  0.00000e+00
   76.0  0.00000e+00
   77.0  0.00000e+00
   78.0  0.00000e+00
   79.0  0.00000e+00
   80.0  0.00000e+00
   81.0  0.00000e+00
   82.0  0.00000e+00
   83.0  0.00000e+00
   84.0  0.00000e+00
   85.0  0.00000e+00
   86.0  0.00000e+00
   87.0  0.00000e+00
   88.0  0.00000e+00
   89.0  0.00000e+00
   90.0  0.00000e+00
   91.0  0.00000e+00
   92.0  0.00000e+00
   93.0  0.00000e+00
   94.0  0.00000e+00
   95.0  0.00000e+00
   96.0  0.00000e+00
   97.0  0.00000e+00
   98.0  0.00000e+00
   99.0  0.00000e+00
  100.0  0.00000e+00
  101.0  0.00000e+00
  102.0  0.00000e+00
  103.0  0.00000e+00
  104.0  0.00000e+00
  105.0  7.79739e-03
  106.0  2.71337e-01
  107.0  4.22383e-01
  108.0  5.38792e-01
  109.0  6.44826e-01
  110.0  7.46003e-01
  111.0  8.30133e-01
  112.0  8.79930e-01
  113.0  9.18934e-01
  114.0  9.52915e-01
  115.0  9.75763e-01
  116.0  9.91522e-01
  117.0  9.97918e-01
  118.0  9.99793e-01
  119.0  1.00000e+00
  120.0  1.00000e+00
  121.0  1.00000e+00
  122.0  1.00000e+00
  123.0  1.00000e+00
  124.0  1.00000e+00
  125.0  1.00000e+00
  126.0  1.00000e+00
  127.0  1.00000e+00
  128.0  1.00000e+00
  129.0  1.00000e+00
  130.0  1.00000e+00
  131.0  1.00000e+00
  132.0  1.00000e+00
  133.0  1.00000e+00
  134.0  1.00000e+00
  135.0  1.00000e+00
  136.0  1.00000e+00
  137.0  1.00000e+00
  138.0  1.00000e+00
  139.0  1.00000e+00
  140.0  1.00000e+00
  141.0  1.00000e+00
  142.0  1.00000e+00
  143.0  1.00000e+00
  144.0  1.00000e+00
  145.0  1.00000e+00
  146.0  1.00000e+00
  147.0  1.00000e+00
  148.0  1.00000e+00
  149.0  1.00000e+00
  150.0  1.00000e+00
  151.0  1.00000e+00
  152.0  1.00000e+00
  153.0  1.00000e+00
  154.0  1.00000e+00
  155.0  1.00000e+00
  156.0  1.00000e+00
  157.0  1.00000e+00
  158.0  1.00000e+00
  159.0  1.00000e+00
  160.0  1.00000e+00
  161.0  1.00000e+00
  162.0  1.00000e+00
  163.0  1.00000e+00
  164.0  1.00000e+00
  165.0  1.00000e+00
  166.0  1.00000e+00
  167.0  1.00000e+00
  168.0  1.00000e+00
  169.0  1.00000e+00
  170.0  1.00000e+00
  171.0  1.00000e+00
  172.0  1.00000e+00
  173.0  1.00000e+00
  174.0  1.00000e+00
  175.0  1.00000e+00
  176.0  1.00000e+00
  177.0  1.00000e+00
  178.0  1.00000e+00
  179.0  1.00000e+00
  180.0  1.00000e+00
  181.0  1.00000e+00
  182.0  1.00000e+00
  183.0  1.00000e+00
  184.0  1.00000e+00
  185.0  1.00000e+00
  186.0  1.00000e+00
  187.0  1.00000e+00
  188.0  1.00000e+00
  189.0  1.00000e+00
  190.0  1.00000e+00
  191.0  1.00000e+00
  192.0  1.00000e+00
  193.0  1.00000e+00
  194.0  1.00000e+00
  195.0  1.00000e+00
  196.0  1.00000e+00
  197.0  1.00000e+00
  198.0  1.00000e+00
  199.0  1.00000e+00
  200.0  1.00000e+00
  201.0  1.00000e+00
  202.0  1.00000e+00
  203.0  1.00000e+00
  204.0  1.00000e+00
  205.0  1.00000e+00
  206.0  1.00000e+00
  207.0  1.00000e+00
  208.0  1.00000e+00
  209.0  1.00000e+00
  210.0  1.00000e+00
  211.0  1.00000e+00
  212.0  1.00000e+00
  213.0  1.00000e+00
  214.0  1.00000e+00
  215.0  1.00000e+00
  216.0  1.00000e+00
  217.0  1.00000e+00
  218.0  1.00000e+00
  219.0  1.00000e+00
  220.0  1.00000e+00
  221.0  1.00000e+00
  222.0  1.00000e+00
  223.0  1.00000e+00
  224.0  1.00000e+00
  225.0  1.00000e+00
  226.0  1.00000e+00
  227.0  1.00000e+00
  228.0  1.00000e+00
  229.0  1.00000e+00
  230.0  1.00000e+00
  231.0  1.00000e+00
  232.0  1.00000e+00
  233.0  1.00000e+00
  234.0  1.00000e+00
  235.0  1.00000e+00
  236.0  1.00000e+00
  237.0  1.00000e+00
  238.0  1.00000e+00
  239.0  1.00000e+00
  240.0  1.00000e+00
  241.0  1.00000e+00
  242.0  1.00000e+00
  243.0  1.00000e+00
  244.0  1.00000e+00
  245.0  1.00000e+00
  246.0  1.00000e+00
  247.0  1.00000e+00
  248.0  1.00000e+00
  249.0  1.00000e+00
  250.0  1.00000e+00
  251.0  1.00000e+00
  252.0  1.00000e+00
  253.0  1.00000e+00
  254.0  1.00000e+00
  255.0  1.00000e+00
  256.0  1.00000e+00
  257.0  1.00000e+00
  258.0  1.00000e+00
  259.0  1.00000e+00
  260.0  1.00000e+00
  261.0  1.00000e+00
  262.0  1.00000e+00
  263.0  1.00000e+00
  264.0  1.00000e+00
  265.0  1.00000e+00
  266.0  1.00000e+00
  267.0  1.00000e+00
  268.0  1.00000e+00
  269.0  1.00000e+00
  270.0  1.00000e+00
  271.0  1.00000e+00
  272.0  1.00000e+00
  273.0  1.00000e+00
  274.0  1.00000e+00
  275.0  1.00000e+00
  276.0  1.00000e+00
  277.0  1.00000e+00
  278.0  1.00000e+00
  279.0  1.00000e+00
  280.0  1.00000e+00
  281.0  1.00000e+00
  282.0  1.00000e+00
  283.0  1.00000e+00
  284.0  1.00000e+00
  285.0  1.00000e+00
  286.0  1.00000e+00
  287.0  1.00000e+00
  288.0  1.00000e+00
  289.0  1.00000e+00
  290.0  1.00000e+00
  291.0  1.00000e+00
  292.0  1.00000e+00
  293.0  1.00000e+00
  294.0  1.00000e+00
  295.0  1.00000e+00
  296.0  1.00000e+00
  297.0  1.00000e+00
  298.0  1.00000e+00
  299.0  1.00000e+00
  300.0  1.00000e+00
  301.0  1.00000e+00
  302.0  1.00000e+00
  303.0  1.00000e+00
  304.0  1.00000e+00
  305.0  1.00000e+00
  306.0  1.00000e+00
  307.0  1.00000e+00
  308.0  1.00000e+00
  309.0  1.00000e+00
  310.0  1.00000e+00
  311.0  1.00000e+00
  312.0  1.00000e+00
  313.0  1.00000e+00
  314.0  1.00000e+00
  315.0  1.00000e+00
  316.0  1.00000e+00
  317.0  1.00000e+00
  318.0  1.00000e+00
  319.0  1.00000e+00
  320.0  1.00000e+00
  321.0  1.00000e+00
  322.0  1.00000e+00
  323.0  1.00000e+00
  324.0  1.00000e+00
  325.0  1.00000e+00
  326.0  1.00000e+00
  327.0  1.00000e+00
  328.0  1.00000e+00
  329.0  1.00000e+00
  330.0  1.00000e+00
  331.0  1.00000e+00
  332.0  1.00000e+00
  333.0  1.00000e+00
  334.0  1.00000e+00
  335.0  1.00000e+00
  336.0  1.00000e+00
  337.0  1.00000e+00
  338.0  1.00000e+00
  339.0  1.00000e+00
  340.0  1.00000e+00
  341.0  1.00000e+00
  342.0  1.00000e+00
  343.0  1.00000e+00
  344.0  1.00000e+00
  345.0  1.00000e+00
  346.0  1.00000e+00
  347.0  1.00000e+00
  348.0  1.00000e+00
  349.0  1.00000e+00
  350.0  1.00000e+00
  351.0  1.00000e+00
  352.0  1.00000e+00
  353.0  1.00000e+00
  354.0  1.00000e+00
  355.0  1.00000e+00
  356.0  1.00000e+00
  357.0  1.00000e+00
  358.0  1.00000e+00
  359.0  1.00000e+00
  360.0  1.00000e+00
  361.0  1.00000e+00
  362.0  1.00000e+00
  363.0  1.00000e+00
  364.0  1.00000e+00
  365.0  1.00000e+00
  366.0  1.00000e+00
  367.0  1.00000e+00
  368.0  1.00000e+00
  369.0  1.00000e+00
  370.0  1.00000e+00
  371.0  1.00000e+00
  372.0  1.00000e+00
  373.0  1.00000e+00
  374.0  1.00000e+00
  375.0  1.00000e+00
  376.0  1.00000e+00
  377.0  1.00000e+00
  378.0  1.00000e+00
  379.0  1.00000e+00
  380.0  1.00000e+00
  381.0  1.00000e+00
  382.0  1.00000e+00
  383.0  1.00000e+00
  384.0  1.00000e+00
  385.0  1.00000e+00
  386.0  1.00000e+00
  387.0  1.00000e+00
  388.0  1.00000e+00
  389.0  1.00000e+00
  390.0  1.00000e+00
  391.0  1.00000e+00
  392.0  1.00000e+00
  393.0  1.00000e+00
  394.0  1.00000e+00
  395.0  1.00000e+00
  396.0  1.00000e+00
  397.0  1.00000e+00
  398.0  1.00000e+00
  399.0  1.00000e+00
  400.0  1.00000e+00
  401.0  1.00000e+00
  402.0  1.00000e+00
  403.0  1.00000e+00
  404.0  1.00000e+00
  405.0  1.00000e+00
  406.0  1.00000e+00
  407.0  1.00000e+00
  408.0  1.00000e+00
  409.0  1.00000e+00
