    7.0  6.38342e-02
    8.0  7.20405e-02
    9.0  7.99474e-02
   10.0  8.86726e-02
   11.0  9.82417e-02
   12.0  1.07584e-01
   13.0  1.16600e-01
   14.0  1.25226e-01
   15.0  1.33441e-01
   16.0  1.41266e-01
   17.0  1.48761e-01
   18.0  1.56026e-01
   19.0  1.63197e-01
   20.0  1.71343e-01
   21.0  1.80375e-01
   22.0  1.89209e-01
   23.0  1.97837e-01
   24.0  2.06261e-01
   25.0  2.14493e-01
   26.0  2.22556e-01
   27.0  2.30482e-01
   28.0  2.38315e-01
   29.0  2.46107e-01
   30.0  2.54354e-01
   31.0  2.63011e-01
   32.0  2.71564e-01
   33.0  2.80015e-01
   34.0  2.88368e-01
   35.0  2.96632e-01
   36.0  3.04818e-01
   37.0  3.12941e-01
   38.0  3.21019e-01
   39.0  3.29074e-01
   40.0  3.37392e-01
   41.0  3.45947e-01
   42.0  3.54443e-01
   43.0  3.62879e-01
   44.0  3.71259e-01
   45.0  3.79586e-01
   46.0  3.87865e-01
   47.0  3.96103e-01
   48.0  4.04308e-01
   49.0  4.12489e-01
   50.0  4.17369e-01
   51.0  4.18393e-01
   52.0  4.18748e-01
   53.0  4.19362e-01
   54.0  4.21173e-01
   55.0  4.25143e-01
   56.0  4.32296e-01
   57.0  4.43783e-01
   58.0  4.60973e-01
   59.0  4.85591e-01
   60.0  5.28234e-01
   61.0  5.49220e-01
   62.0  5.42855e-01
   63.0  5.72717e-01
   64.0  5.33823e-01
   65.0  4.80401e-01
   66.0  3.70588e-01
   67.0  3.84722e-01
   68.0  4.49622e-01
   69.0  4.13358e-01
   70.0  3.91692e-01
   71.0  3.97353e-01
   72.0  3.56962e-01
   73.0  2.72982e-01
   74.0  2.75701e-01
   75.0  3.29133e-01
   76.0  3.45988e-01
   77.0  4.09671e-01
   78.0  4.46373e-01
   79.0  4.45906e-01
   80.0  4.34766e-01
   81.0  4.00301e-01
   82.0  4.00000e-01
   83.0  4.00000e-01
   84.0  3.99798e-01
   85.0  3.99911e-01
   86.0  2.71715e-01
   87.0  2.94537e-01
   88.0  3.94825e-01
   89.0  4.17700e-01
   90.0  4.50715e-01
   91.0  5.00117e-01
   92.0  4.59143e-01
   93.0  3.89945e-01
   94.0  3.14936e-01
   95.0  2.75168e-01
   96.0  2.00000e-01
   97.0  2.53374e-01
   98.0  2.66439e-01
   99.0  7.50000e-02
  100.0  4.28740e-02
  101.0  3.62593e-02
  102.0  4.34565e-02
  103.0  6.68377e-02
  104.0  1.14001e-01
  105.0  1.91986e-01
  106.0  2.84532e-01
  107.0  3.84206e-01
  108.0  4.82508e-01
  109.0  5.75484e-01
  110.0  6.86935e-01
  111.0  8.11142e-01
  112.0  9.11283e-01
  113.0  9.75376e-01
  114.0  1.00000e+00
  115.0  1.00000e+00
  116.0  1.00000e+00
  117.0  1.00000e+00
  118.0  1.00000e+00
  119.0  1.00000e+00
  120.0  1.00000e+00
  121.0  1.00000e+00
  122.0  1.00000e+00
  123.0  1.00000e+00
  124.0  1.00000e+00
  125.0  1.00000e+00
  126.0  1.00000e+00
  127.0  1.00000e+00
  128.0  1.00000e+00
  129.0  1.00000e+00
  130.0  1.00000e+00
  131.0  1.00000e+00
  132.0  1.00000e+00
  133.0  1.00000e+00
  134.0  1.00000e+00
  135.0  1.00000e+00
  136.0  1.00000e+00
  137.0  1.00000e+00
  138.0  1.00000e+00
  139.0  1.00000e+00
  140.0  1.00000e+00
  141.0  1.00000e+00
  142.0  1.00000e+00
  143.0  1.00000e+00
  144.0  1.00000e+00
  145.0  1.00000e+00
  146.0  1.00000e+00
  147.0  1.00000e+00
  148.0  1.00000e+00
  149.0  1.00000e+00
  150.0  1.00000e+00
  151.0  1.00000e+00
  152.0  1.00000e+00
  153.0  1.00000e+00
  154.0  1.00000e+00
  155.0  1.00000e+00
  156.0  1.00000e+00
  157.0  1.00000e+00
  158.0  1.00000e+00
  159.0  1.00000e+00
  160.0  1.00000e+00
  161.0  1.00000e+00
  162.0  1.00000e+00
  163.0  1.00000e+00
  164.0  1.00000e+00
  165.0  1.00000e+00
  166.0  1.00000e+00
  167.0  1.00000e+00
  168.0  1.00000e+00
  169.0  1.00000e+00
  170.0  1.00000e+00
  171.0  1.00000e+00
  172.0  1.00000e+00
  173.0  1.00000e+00
  174.0  1.00000e+00
  175.0  1.00000e+00
  176.0  1.00000e+00
  177.0  1.00000e+00
  178.0  1.00000e+00
  179.0  1.00000e+00
  180.0  1.00000e+00
  181.0  1.00000e+00
  182.0  1.00000e+00
  183.0  1.00000e+00
  184.0  1.00000e+00
  185.0  9.98645e-01
  186.0  9.95336e-01
  187.0  9.90856e-01
  188.0  9.85263e-01
  189.0  9.78615e-01
  190.0  9.70976e-01
  191.0  9.62410e-01
  192.0  9.52983e-01
  193.0  9.42761e-01
  194.0  9.31810e-01
  195.0  9.20198e-01
  196.0  9.07990e-01
  197.0  8.95251e-01
  198.0  8.82046e-01
  199.0  8.68436e-01
  200.0  8.55085e-01
  201.0  8.41908e-01
  202.0  8.28233e-01
  203.0  8.14141e-01
  204.0  7.99712e-01
  205.0  7.85021e-01
  206.0  7.70139e-01
  207.0  7.55137e-01
  208.0  7.40077e-01
  209.0  7.25020e-01
  210.0  7.10517e-01
  211.0  6.96550e-01
  212.0  6.82573e-01
  213.0  6.68566e-01
  214.0  6.54516e-01
  215.0  6.40409e-01
  216.0  6.26235e-01
  217.0  6.11984e-01
  218.0  5.97651e-01
  219.0  5.83232e-01
  220.0  5.69228e-01
  221.0  5.55681e-01
  222.0  5.42107e-01
  223.0  5.28463e-01
  224.0  5.14713e-01
  225.0  5.00825e-01
  226.0  4.86773e-01
  227.0  4.72539e-01
  228.0  4.58110e-01
  229.0  4.43478e-01
  230.0  4.29470e-01
  231.0  4.16165e-01
  232.0  4.02771e-01
  233.0  3.89209e-01
  234.0  3.75414e-01
  235.0  3.61337e-01
  236.0  3.46943e-01
  237.0  3.32215e-01
  238.0  3.17153e-01
  239.0  3.01769e-01
  240.0  2.85279e-01
  241.0  2.67777e-01
  242.0  2.50388e-01
  243.0  2.33528e-01
  244.0  2.17523e-01
  245.0  2.02611e-01
  246.0  1.88958e-01
  247.0  1.76672e-01
  248.0  1.65813e-01
  249.0  1.56415e-01
  250.0  1.46754e-01
  251.0  1.36781e-01
  252.0  1.28518e-01
  253.0  1.22568e-01
  254.0  1.19473e-01
  255.0  1.19853e-01
  256.0  1.24738e-01
  257.0  1.33613e-01
  258.0  1.43910e-01
  259.0  1.53330e-01
  260.0  1.63086e-01
  261.0  1.72399e-01
  262.0  1.81606e-01
  263.0  1.91023e-01
  264.0  1.99621e-01
  265.0  2.09059e-01
  266.0  2.18344e-01
  267.0  2.27477e-01
  268.0  2.36924e-01
  269.0  2.46154e-01
  270.0  2.41885e-01
  271.0  2.09805e-01
  272.0  1.63585e-01
  273.0  1.17500e-01
  274.0  6.99692e-02
  275.0  0.00000e+00
  276.0  0.00000e+00
  277.0  0.00000e+00
  278.0  0.00000e+00
  279.0  0.00000e+00
  280.0  0.00000e+00
  281.0  0.00000e+00
  282.0  0.00000e+00
  283.0  0.00000e+00
  284.0  0.00000e+00
  285.0  0.00000e+00
  286.0  0.00000e+00
  287.0  0.00000e+00
  288.0  0.00000e+00
  289.0  0.00000e+00
  290.0  0.00000e+00
  291.0  0.00000e+00
  292.0  0.00000e+00
  293.0  0.00000e+00
  294.0  0.00000e+00
  295.0  0.00000e+00
  296.0  0.00000e+00
  297.0  0.00000e+00
  298.0  0.00000e+00
  299.0  0.00000e+00
  300.0  0.00000e+00
  301.0  0.00000e+00
  302.0  0.00000e+00
  303.0  0.00000e+00
  304.0  0.00000e+00
  305.0  0.00000e+00
  306.0  0.00000e+00
  307.0  0.00000e+00
  308.0  0.00000e+00
  309.0  0.00000e+00
  310.0  0.00000e+00
  311.0  0.00000e+00
  312.0  0.00000e+00
  313.0  0.00000e+00
  314.0  0.00000e+00
  315.0  0.00000e+00
  316.0  0.00000e+00
  317.0  0.00000e+00
  318.0  0.00000e+00
  319.0  0.00000e+00
  320.0  0.00000e+00
  321.0  0.00000e+00
  322.0  0.00000e+00
  323.0  0.00000e+00
  324.0  0.00000e+00
  325.0  0.00000e+00
  326.0  0.00000e+00
  327.0  0.00000e+00
  328.0  0.00000e+00
  329.0  0.00000e+00
  330.0  0.00000e+00
  331.0  0.00000e+00
  332.0  0.00000e+00
  333.0  0.00000e+00
  334.0  0.00000e+00
  335.0  0.00000e+00
  336.0  0.00000e+00
  337.0  0.00000e+00
  338.0  0.00000e+00
  339.0  0.00000e+00
  340.0  0.00000e+00
  341.0  0.00000e+00
  342.0  0.00000e+00
  343.0  0.00000e+00
  344.0  0.00000e+00
  345.0  0.00000e+00
  346.0  0.00000e+00
  347.0  0.00000e+00
  348.0  0.00000e+00
  349.0  0.00000e+00
  350.0  0.00000e+00
  351.0  0.00000e+00
  352.0  0.00000e+00
  353.0  0.00000e+00
  354.0  0.00000e+00
  355.0  0.00000e+00
  356.0  0.00000e+00
  357.0  0.00000e+00
  358.0  0.00000e+00
  359.0  0.00000e+00
  360.0  0.00000e+00
  361.0  0.00000e+00
  362.0  0.00000e+00
  363.0  0.00000e+00
  364.0  0.00000e+00
  365.0  0.00000e+00
  366.0  0.00000e+00
  367.0  0.00000e+00
  368.0  0.00000e+00
  369.0  0.00000e+00
  370.0  0.00000e+00
  371.0  0.00000e+00
  372.0  0.00000e+00
  373.0  0.00000e+00
  374.0  0.00000e+00
  375.0  0.00000e+00
