  100.0  5.00000e-01
  101.0  5.00000e-01
  102.0  5.00000e-01
  103.0  5.00000e-01
  104.0  5.00000e-01
  105.0  5.00000e-01
  106.0  5.00000e-01
  107.0  5.00000e-01
  108.0  5.00000e-01
  109.0  5.00000e-01
  110.0  5.00000e-01
  111.0  5.00000e-01
  112.0  5.00000e-01
  113.0  5.00000e-01
  114.0  5.00000e-01
  115.0  5.00000e-01
  116.0  5.00000e-01
  117.0  5.00000e-01
  118.0  5.00000e-01
  119.0  5.00000e-01
  120.0  5.00000e-01
  121.0  5.00000e-01
  122.0  5.00000e-01
  123.0  5.00000e-01
  124.0  5.00000e-01
  125.0  5.00000e-01
  126.0  5.00000e-01
  127.0  5.00000e-01
  128.0  5.00000e-01
  129.0  5.00000e-01
  130.0  5.00000e-01
  131.0  5.00000e-01
  132.0  5.00000e-01
  133.0  5.00000e-01
  134.0  5.00000e-01
  135.0  5.00000e-01
  136.0  5.00000e-01
  137.0  5.00000e-01
  138.0  5.00000e-01
  139.0  5.00000e-01
  140.0  5.00000e-01
  141.0  5.00000e-01
  142.0  5.00000e-01
  143.0  5.00000e-01
  144.0  5.00000e-01
  145.0  5.00000e-01
  146.0  5.00000e-01
  147.0  5.00000e-01
  148.0  5.00000e-01
  149.0  5.00000e-01
  150.0  5.00000e-01
  151.0  5.00000e-01
  152.0  5.00000e-01
  153.0  5.00000e-01
  154.0  5.00000e-01
  155.0  5.00000e-01
  156.0  5.00000e-01
  157.0  5.00000e-01
  158.0  5.00000e-01
  159.0  5.00000e-01
  160.0  5.00000e-01
  161.0  5.00000e-01
  162.0  5.00000e-01
  163.0  5.00000e-01
  164.0  5.00000e-01
  165.0  5.00000e-01
  166.0  5.00000e-01
  167.0  5.00000e-01
  168.0  5.00000e-01
  169.0  5.00000e-01
  170.0  5.00000e-01
  171.0  5.00000e-01
  172.0  5.00000e-01
  173.0  5.00000e-01
  174.0  5.00000e-01
  175.0  5.00000e-01
  176.0  5.00000e-01
  177.0  5.00000e-01
  178.0  5.00000e-01
  179.0  5.00000e-01
  180.0  5.00000e-01
  181.0  5.00000e-01
  182.0  5.00000e-01
  183.0  5.00000e-01
  184.0  5.00000e-01
  185.0  5.00000e-01
  186.0  5.00000e-01
  187.0  5.00000e-01
  188.0  5.00000e-01
  189.0  5.00000e-01
  190.0  5.00000e-01
  191.0  5.00000e-01
  192.0  5.00000e-01
  193.0  5.00000e-01
  194.0  5.00000e-01
  195.0  5.00000e-01
  196.0  5.00000e-01
  197.0  5.00000e-01
  198.0  5.00000e-01
  199.0  5.00000e-01
  200.0  5.00000e-01
  201.0  5.00000e-01
  202.0  5.00000e-01
  203.0  5.00000e-01
  204.0  5.00000e-01
  205.0  5.00000e-01
  206.0  5.00000e-01
  207.0  5.00000e-01
  208.0  5.00000e-01
  209.0  5.00000e-01
  210.0  5.00000e-01
  211.0  5.00000e-01
  212.0  5.00000e-01
  213.0  5.00000e-01
  214.0  5.00000e-01
  215.0  5.00000e-01
  216.0  5.00000e-01
  217.0  5.00000e-01
  218.0  5.00000e-01
  219.0  5.00000e-01
  220.0  5.00000e-01
  221.0  5.00000e-01
  222.0  5.00000e-01
  223.0  5.00000e-01
  224.0  5.00000e-01
  225.0  5.00000e-01
  226.0  5.00000e-01
  227.0  5.00000e-01
  228.0  5.00000e-01
  229.0  5.00000e-01
  230.0  5.00000e-01
  231.0  5.00000e-01
  232.0  5.00000e-01
  233.0  5.00000e-01
  234.0  5.00000e-01
  235.0  5.00000e-01
  236.0  5.00000e-01
  237.0  5.00000e-01
  238.0  5.00000e-01
  239.0  5.00000e-01
  240.0  5.00000e-01
  241.0  5.00000e-01
  242.0  5.00000e-01
  243.0  5.00000e-01
  244.0  5.00000e-01
  245.0  5.00000e-01
  246.0  5.00000e-01
  247.0  5.00000e-01
  248.0  5.00000e-01
  249.0  5.00000e-01
  250.0  5.00000e-01
  251.0  5.00000e-01
  252.0  5.00000e-01
  253.0  5.00000e-01
  254.0  5.00000e-01
  255.0  5.00000e-01
  256.0  5.00000e-01
  257.0  5.00000e-01
  258.0  5.00000e-01
  259.0  5.00000e-01
  260.0  5.00000e-01
  261.0  5.00000e-01
  262.0  5.00000e-01
  263.0  5.00000e-01
  264.0  5.00000e-01
  265.0  5.00000e-01
  266.0  5.00000e-01
  267.0  5.00000e-01
  268.0  5.00000e-01
  269.0  5.00000e-01
  270.0  5.00000e-01
  271.0  5.00000e-01
  272.0  5.00000e-01
  273.0  5.00000e-01
  274.0  5.00000e-01
  275.0  5.00000e-01
  276.0  5.00000e-01
  277.0  5.00000e-01
  278.0  5.00000e-01
  279.0  5.00000e-01
  280.0  5.00000e-01
  281.0  5.00000e-01
  282.0  5.00000e-01
  283.0  5.00000e-01
  284.0  5.00000e-01
  285.0  5.00000e-01
  286.0  5.00000e-01
  287.0  5.00000e-01
  288.0  5.00000e-01
  289.0  5.00000e-01
  290.0  5.00000e-01
  291.0  5.00000e-01
  292.0  5.00000e-01
  293.0  5.00000e-01
  294.0  5.00000e-01
  295.0  5.00000e-01
  296.0  5.00000e-01
  297.0  5.00000e-01
  298.0  5.00000e-01
  299.0  5.00000e-01
  300.0  5.00000e-01
