    4.0  0.00000e+00
    5.0  0.00000e+00
    6.0  0.00000e+00
    7.0  0.00000e+00
    8.0  0.00000e+00
    9.0  0.00000e+00
   10.0  0.00000e+00
   11.0  0.00000e+00
   12.0  0.00000e+00
   13.0  0.00000e+00
   14.0  0.00000e+00
   15.0  0.00000e+00
   16.0  0.00000e+00
   17.0  0.00000e+00
   18.0  0.00000e+00
   19.0  0.00000e+00
   20.0  0.00000e+00
   21.0  0.00000e+00
   22.0  0.00000e+00
   23.0  0.00000e+00
   24.0  0.00000e+00
   25.0  0.00000e+00
   26.0  0.00000e+00
   27.0  0.00000e+00
   28.0  0.00000e+00
   29.0  0.00000e+00
   30.0  0.00000e+00
   31.0  0.00000e+00
   32.0  0.00000e+00
   33.0  0.00000e+00
   34.0  0.00000e+00
   35.0  0.00000e+00
   36.0  0.00000e+00
   37.0  0.00000e+00
   38.0  0.00000e+00
   39.0  0.00000e+00
   40.0  0.00000e+00
   41.0  0.00000e+00
   42.0  0.00000e+00
   43.0  0.00000e+00
   44.0  0.00000e+00
   45.0  2.21673e-03
   46.0  0.00000e+00
   47.0  0.00000e+00
   48.0  0.00000e+00
   49.0  0.00000e+00
   50.0  0.00000e+00
   51.0  0.00000e+00
   52.0  0.00000e+00
   53.0  0.00000e+00
   54.0  0.00000e+00
   55.0  0.00000e+00
   56.0  0.00000e+00
   57.0  0.00000e+00
   58.0  0.00000e+00
   59.0  0.00000e+00
   60.0  0.00000e+00
   61.0  0.00000e+00
   62.0  0.00000e+00
   63.0  0.00000e+00
   64.0  0.00000e+00
   65.0  0.00000e+00
   66.0  8.35916e-05
   67.0  3.57882e-05
   68.0  2.26448e-05
   69.0  0.00000e+00
   70.0  0.00000e+00
   71.0  0.00000e+00
   72.0  0.00000e+00
   73.0  0.00000e+00
   74.0  0.00000e+00
   75.0  0.00000e+00
   76.0  0.00000e+00
   77.0  0.00000e+00
   78.0  0.00000e+00
   79.0  0.00000e+00
   80.0  0.00000e+00
   81.0  0.00000e+00
   82.0  0.00000e+00
   83.0  0.00000e+00
   84.0  0.00000e+00
   85.0  0.00000e+00
   86.0  0.00000e+00
   87.0  0.00000e+00
   88.0  0.00000e+00
   89.0  2.56120e-03
   90.0  1.37374e-02
   91.0  0.00000e+00
   92.0  0.00000e+00
   93.0  0.00000e+00
   94.0  0.00000e+00
   95.0  0.00000e+00
   96.0  0.00000e+00
   97.0  0.00000e+00
   98.0  0.00000e+00
   99.0  0.00000e+00
  100.0  0.00000e+00
  101.0  0.00000e+00
  102.0  0.00000e+00
  103.0  0.00000e+00
  104.0  0.00000e+00
  105.0  0.00000e+00
  106.0  2.39738e-02
  107.0  1.71335e-02
  108.0  1.02778e-02
  109.0  3.42014e-03
  110.0  0.00000e+00
  111.0  0.00000e+00
  112.0  3.93182e-01
  113.0  7.29963e-01
  114.0  6.18881e-01
  115.0  5.06038e-01
  116.0  3.93902e-01
  117.0  2.80770e-01
  118.0  1.68793e-01
  119.0  5.63019e-02
  120.0  0.00000e+00
  121.0  0.00000e+00
  122.0  0.00000e+00
  123.0  0.00000e+00
  124.0  0.00000e+00
  125.0  0.00000e+00
  126.0  0.00000e+00
  127.0  0.00000e+00
  128.0  0.00000e+00
  129.0  0.00000e+00
  130.0  0.00000e+00
  131.0  0.00000e+00
  132.0  0.00000e+00
  133.0  0.00000e+00
  134.0  0.00000e+00
  135.0  0.00000e+00
  136.0  0.00000e+00
  137.0  0.00000e+00
  138.0  0.00000e+00
  139.0  0.00000e+00
  140.0  0.00000e+00
  141.0  9.46759e-02
  142.0  1.84107e-01
  143.0  1.73757e-01
  144.0  1.62942e-01
  145.0  1.52201e-01
  146.0  1.41932e-01
  147.0  1.31567e-01
  148.0  1.20985e-01
  149.0  1.10567e-01
  150.0  9.99714e-02
  151.0  8.94415e-02
  152.0  7.89261e-02
  153.0  6.83587e-02
  154.0  5.78814e-02
  155.0  4.71554e-02
  156.0  3.64833e-02
  157.0  2.23134e-02
  158.0  0.00000e+00
  159.0  0.00000e+00
  160.0  0.00000e+00
  161.0  0.00000e+00
  162.0  0.00000e+00
  163.0  0.00000e+00
  164.0  0.00000e+00
  165.0  0.00000e+00
  166.0  0.00000e+00
  167.0  0.00000e+00
  168.0  0.00000e+00
  169.0  0.00000e+00
  170.0  0.00000e+00
  171.0  0.00000e+00
  172.0  0.00000e+00
  173.0  0.00000e+00
  174.0  0.00000e+00
  175.0  0.00000e+00
  176.0  0.00000e+00
  177.0  0.00000e+00
  178.0  0.00000e+00
  179.0  0.00000e+00
  180.0  0.00000e+00
  181.0  0.00000e+00
  182.0  5.96700e-02
  183.0  1.64901e-01
  184.0  1.70657e-01
  185.0  1.75992e-01
  186.0  1.81080e-01
  187.0  1.86674e-01
  188.0  1.92257e-01
  189.0  1.97677e-01
  190.0  2.02991e-01
  191.0  2.08474e-01
  192.0  2.14085e-01
  193.0  2.19365e-01
  194.0  2.24788e-01
  195.0  2.30241e-01
  196.0  2.35437e-01
  197.0  2.40817e-01
  198.0  2.46354e-01
  199.0  2.51700e-01
  200.0  2.57351e-01
  201.0  2.63207e-01
  202.0  2.68275e-01
  203.0  2.73368e-01
  204.0  2.79000e-01
  205.0  2.84358e-01
  206.0  2.89650e-01
  207.0  2.94951e-01
  208.0  3.00242e-01
  209.0  3.05786e-01
  210.0  3.11363e-01
  211.0  3.16727e-01
  212.0  3.19521e-01
  213.0  3.20213e-01
  214.0  3.20966e-01
  215.0  3.21476e-01
  216.0  3.22083e-01
  217.0  3.22737e-01
  218.0  3.23404e-01
  219.0  3.24131e-01
  220.0  3.24752e-01
  221.0  3.25255e-01
  222.0  3.25870e-01
  223.0  3.26610e-01
  224.0  3.27227e-01
  225.0  3.27890e-01
  226.0  3.28499e-01
  227.0  3.29178e-01
  228.0  3.29581e-01
  229.0  3.27999e-01
  230.0  3.25224e-01
  231.0  3.22479e-01
  232.0  3.19574e-01
  233.0  3.16671e-01
  234.0  3.13859e-01
  235.0  3.10923e-01
  236.0  3.08355e-01
  237.0  3.05692e-01
  238.0  3.02532e-01
  239.0  3.00176e-01
  240.0  2.97654e-01
  241.0  2.94429e-01
  242.0  2.91544e-01
  243.0  2.88691e-01
  244.0  2.85853e-01
  245.0  2.83008e-01
  246.0  2.80081e-01
  247.0  2.77206e-01
  248.0  2.74379e-01
  249.0  2.71532e-01
  250.0  2.68608e-01
  251.0  2.65735e-01
  252.0  2.62876e-01
  253.0  2.61280e-01
  254.0  2.64729e-01
  255.0  2.71641e-01
  256.0  2.78093e-01
  257.0  2.84499e-01
  258.0  2.90918e-01
  259.0  2.97509e-01
  260.0  3.04042e-01
  261.0  3.10440e-01
  262.0  3.16424e-01
  263.0  3.22860e-01
  264.0  3.29539e-01
  265.0  3.35870e-01
  266.0  3.42378e-01
  267.0  3.48696e-01
  268.0  3.55101e-01
  269.0  3.61732e-01
  270.0  3.68342e-01
  271.0  3.74455e-01
  272.0  3.80862e-01
  273.0  3.87421e-01
  274.0  3.93907e-01
  275.0  4.00095e-01
  276.0  4.05971e-01
  277.0  4.12731e-01
  278.0  4.20185e-01
  279.0  4.26286e-01
  280.0  4.31994e-01
  281.0  4.38829e-01
  282.0  4.45548e-01
  283.0  4.51700e-01
  284.0  4.57601e-01
  285.0  4.64199e-01
  286.0  4.70636e-01
  287.0  4.77390e-01
  288.0  4.84743e-01
  289.0  4.90892e-01
  290.0  4.96774e-01
  291.0  7.50000e-01
  292.0  1.00000e+00
  293.0  1.00000e+00
  294.0  1.00000e+00
  295.0  1.00000e+00
  296.0  1.00000e+00
  297.0  1.00000e+00
  298.0  1.00000e+00
  299.0  1.00000e+00
