    5.0  0.00000e+00
    6.0  0.00000e+00
    7.0  0.00000e+00
    8.0  0.00000e+00
    9.0  0.00000e+00
   10.0  0.00000e+00
   11.0  0.00000e+00
   12.0  0.00000e+00
   13.0  0.00000e+00
   14.0  0.00000e+00
   15.0  0.00000e+00
   16.0  0.00000e+00
   17.0  0.00000e+00
   18.0  0.00000e+00
   19.0  0.00000e+00
   20.0  0.00000e+00
   21.0  0.00000e+00
   22.0  0.00000e+00
   23.0  0.00000e+00
   24.0  0.00000e+00
   25.0  0.00000e+00
   26.0  0.00000e+00
   27.0  0.00000e+00
   28.0  0.00000e+00
   29.0  0.00000e+00
   30.0  0.00000e+00
   31.0  0.00000e+00
   32.0  0.00000e+00
   33.0  0.00000e+00
   34.0  0.00000e+00
   35.0  0.00000e+00
   36.0  0.00000e+00
   37.0  0.00000e+00
   38.0  0.00000e+00
   39.0  0.00000e+00
   40.0  0.00000e+00
   41.0  0.00000e+00
   42.0  0.00000e+00
   43.0  0.00000e+00
   44.0  0.00000e+00
   45.0  0.00000e+00
   46.0  0.00000e+00
   47.0  0.00000e+00
   48.0  0.00000e+00
   49.0  0.00000e+00
   50.0  0.00000e+00
   51.0  0.00000e+00
   52.0  0.00000e+00
   53.0  0.00000e+00
   54.0  0.00000e+00
   55.0  0.00000e+00
   56.0  0.00000e+00
   57.0  0.00000e+00
   58.0  0.00000e+00
   59.0  0.00000e+00
   60.0  0.00000e+00
   61.0  0.00000e+00
   62.0  0.00000e+00
   63.0  1.38067e-02
   64.0  4.66798e-02
   65.0  7.95529e-02
   66.0  1.12426e-01
   67.0  1.45299e-01
   68.0  1.78172e-01
   69.0  2.11045e-01
   70.0  2.43918e-01
   71.0  2.76792e-01
   72.0  3.09665e-01
   73.0  3.42538e-01
   74.0  3.75411e-01
   75.0  4.08284e-01
   76.0  4.41157e-01
   77.0  4.74030e-01
   78.0  5.06903e-01
   79.0  5.39776e-01
   80.0  5.72650e-01
   81.0  6.05523e-01
   82.0  6.38396e-01
   83.0  6.71269e-01
   84.0  7.04142e-01
   85.0  7.37015e-01
   86.0  7.69888e-01
   87.0  8.02761e-01
   88.0  8.35634e-01
   89.0  8.68508e-01
   90.0  9.01381e-01
   91.0  9.34254e-01
   92.0  9.67127e-01
   93.0  1.00000e+00
   94.0  9.88306e-01
   95.0  9.76612e-01
   96.0  9.64917e-01
   97.0  9.53223e-01
   98.0  9.41529e-01
   99.0  9.29835e-01
  100.0  9.18140e-01
  101.0  9.06446e-01
  102.0  8.94752e-01
  103.0  8.83058e-01
  104.0  8.71364e-01
  105.0  8.59669e-01
  106.0  8.47975e-01
  107.0  8.36281e-01
  108.0  8.24587e-01
  109.0  8.12893e-01
  110.0  8.01198e-01
  111.0  7.89504e-01
  112.0  7.77810e-01
  113.0  7.66116e-01
  114.0  7.54421e-01
  115.0  7.42727e-01
  116.0  7.67915e-01
  117.0  7.93103e-01
  118.0  8.18291e-01
  119.0  8.43479e-01
  120.0  8.68667e-01
  121.0  8.77556e-01
  122.0  8.95581e-01
  123.0  9.41429e-01
  124.0  9.70484e-01
  125.0  9.89998e-01
  126.0  9.90799e-01
  127.0  9.91600e-01
  128.0  9.92000e-01
  129.0  9.92000e-01
  130.0  9.92000e-01
  131.0  9.44190e-01
  132.0  8.96380e-01
  133.0  8.48570e-01
  134.0  8.00760e-01
  135.0  7.52950e-01
  136.0  6.72027e-01
  137.0  5.91103e-01
  138.0  5.10180e-01
  139.0  4.29257e-01
  140.0  3.48333e-01
  141.0  2.90303e-01
  142.0  2.32273e-01
  143.0  1.74242e-01
  144.0  1.16212e-01
  145.0  5.81818e-02
  146.0  4.80455e-02
  147.0  3.79091e-02
  148.0  2.77727e-02
  149.0  1.76364e-02
  150.0  7.50000e-03
  151.0  6.00000e-03
  152.0  4.50000e-03
  153.0  3.00000e-03
  154.0  1.50000e-03
  155.0  0.00000e+00
  156.0  0.00000e+00
  157.0  0.00000e+00
  158.0  0.00000e+00
  159.0  0.00000e+00
  160.0  0.00000e+00
  161.0  3.63636e-04
  162.0  7.27273e-04
  163.0  1.09091e-03
  164.0  1.45455e-03
  165.0  1.81818e-03
  166.0  1.72494e-03
  167.0  1.63170e-03
  168.0  1.53846e-03
  169.0  1.60256e-03
  170.0  1.66667e-03
  171.0  1.33333e-03
  172.0  1.00000e-03
  173.0  6.66667e-04
  174.0  3.33333e-04
  175.0  0.00000e+00
  176.0  0.00000e+00
  177.0  0.00000e+00
  178.0  0.00000e+00
  179.0  0.00000e+00
  180.0  0.00000e+00
  181.0  3.33333e-04
  182.0  6.66667e-04
  183.0  1.00000e-03
  184.0  1.00000e-03
  185.0  1.00000e-03
  186.0  1.00000e-03
  187.0  1.00000e-03
  188.0  1.00000e-03
  189.0  1.00000e-03
  190.0  1.00000e-03
  191.0  1.00000e-03
  192.0  1.00000e-03
  193.0  1.00000e-03
  194.0  1.00000e-03
  195.0  1.00000e-03
  196.0  1.00000e-03
  197.0  1.00000e-03
  198.0  1.00000e-03
  199.0  1.00000e-03
  200.0  1.00000e-03
  201.0  1.00000e-03
  202.0  1.00000e-03
  203.0  1.00000e-03
  204.0  1.00000e-03
  205.0  1.00000e-03
  206.0  1.00000e-03
  207.0  1.00000e-03
  208.0  1.00000e-03
  209.0  1.00000e-03
  210.0  1.00000e-03
  211.0  9.00000e-04
  212.0  8.00000e-04
  213.0  7.00000e-04
  214.0  6.00000e-04
  215.0  5.00000e-04
  216.0  4.00000e-04
  217.0  3.00000e-04
  218.0  2.00000e-04
  219.0  1.00000e-04
  220.0  0.00000e+00
  221.0  0.00000e+00
  222.0  0.00000e+00
  223.0  0.00000e+00
  224.0  0.00000e+00
  225.0  0.00000e+00
  226.0  0.00000e+00
  227.0  0.00000e+00
  228.0  0.00000e+00
  229.0  0.00000e+00
  230.0  0.00000e+00
  231.0  0.00000e+00
  232.0  0.00000e+00
  233.0  0.00000e+00
  234.0  0.00000e+00
  235.0  0.00000e+00
  236.0  0.00000e+00
  237.0  0.00000e+00
  238.0  0.00000e+00
  239.0  0.00000e+00
  240.0  0.00000e+00
  241.0  0.00000e+00
  242.0  0.00000e+00
  243.0  0.00000e+00
  244.0  0.00000e+00
  245.0  0.00000e+00
  246.0  0.00000e+00
  247.0  0.00000e+00
  248.0  0.00000e+00
  249.0  0.00000e+00
  250.0  0.00000e+00
  251.0  0.00000e+00
  252.0  0.00000e+00
  253.0  0.00000e+00
  254.0  0.00000e+00
  255.0  0.00000e+00
  256.0  0.00000e+00
  257.0  0.00000e+00
  258.0  0.00000e+00
  259.0  0.00000e+00
  260.0  0.00000e+00
  261.0  0.00000e+00
  262.0  1.69492e-05
  263.0  6.53753e-05
  264.0  1.13801e-04
  265.0  1.62228e-04
  266.0  2.10654e-04
  267.0  2.59080e-04
  268.0  3.07506e-04
  269.0  3.55932e-04
  270.0  4.04358e-04
  271.0  4.52785e-04
  272.0  5.01211e-04
  273.0  5.49637e-04
  274.0  5.98063e-04
  275.0  6.46489e-04
  276.0  6.94915e-04
  277.0  7.43341e-04
  278.0  7.91768e-04
  279.0  8.40194e-04
  280.0  0.00000e+00
  281.0  0.00000e+00
  282.0  0.00000e+00
  283.0  0.00000e+00
  284.0  0.00000e+00
  285.0  0.00000e+00
  286.0  0.00000e+00
  287.0  0.00000e+00
  288.0  0.00000e+00
  289.0  0.00000e+00
  290.0  0.00000e+00
  291.0  0.00000e+00
  292.0  0.00000e+00
  293.0  0.00000e+00
  294.0  0.00000e+00
  295.0  0.00000e+00
  296.0  0.00000e+00
  297.0  0.00000e+00
  298.0  0.00000e+00
  299.0  0.00000e+00
  300.0  0.00000e+00
  301.0  0.00000e+00
  302.0  0.00000e+00
  303.0  0.00000e+00
  304.0  0.00000e+00
  305.0  0.00000e+00
  306.0  0.00000e+00
  307.0  0.00000e+00
  308.0  0.00000e+00
  309.0  0.00000e+00
  310.0  0.00000e+00
  311.0  0.00000e+00
  312.0  0.00000e+00
  313.0  0.00000e+00
  314.0  0.00000e+00
  315.0  0.00000e+00
  316.0  0.00000e+00
  317.0  0.00000e+00
  318.0  0.00000e+00
  319.0  0.00000e+00
  320.0  0.00000e+00
  321.0  0.00000e+00
  322.0  0.00000e+00
  323.0  0.00000e+00
  324.0  0.00000e+00
  325.0  0.00000e+00
  326.0  0.00000e+00
  327.0  0.00000e+00
  328.0  0.00000e+00
  329.0  0.00000e+00
  330.0  0.00000e+00
  331.0  0.00000e+00
  332.0  0.00000e+00
  333.0  0.00000e+00
  334.0  0.00000e+00
  335.0  0.00000e+00
  336.0  0.00000e+00
  337.0  0.00000e+00
  338.0  0.00000e+00
  339.0  0.00000e+00
  340.0  0.00000e+00
  341.0  0.00000e+00
  342.0  0.00000e+00
  343.0  0.00000e+00
  344.0  0.00000e+00
  345.0  0.00000e+00
  346.0  0.00000e+00
  347.0  0.00000e+00
  348.0  0.00000e+00
  349.0  0.00000e+00
  350.0  0.00000e+00
  351.0  0.00000e+00
  352.0  0.00000e+00
  353.0  0.00000e+00
  354.0  0.00000e+00
  355.0  0.00000e+00
  356.0  0.00000e+00
  357.0  0.00000e+00
  358.0  0.00000e+00
  359.0  0.00000e+00
  360.0  0.00000e+00
  361.0  0.00000e+00
  362.0  0.00000e+00
  363.0  0.00000e+00
  364.0  0.00000e+00
  365.0  0.00000e+00
  366.0  0.00000e+00
  367.0  0.00000e+00
  368.0  0.00000e+00
  369.0  0.00000e+00
  370.0  0.00000e+00
  371.0  0.00000e+00
  372.0  0.00000e+00
  373.0  0.00000e+00
  374.0  0.00000e+00
  375.0  0.00000e+00
  376.0  0.00000e+00
  377.0  0.00000e+00
  378.0  0.00000e+00
  379.0  0.00000e+00
  380.0  0.00000e+00
  381.0  0.00000e+00
  382.0  0.00000e+00
  383.0  0.00000e+00
  384.0  0.00000e+00
  385.0  0.00000e+00
  386.0  0.00000e+00
  387.0  0.00000e+00
  388.0  0.00000e+00
  389.0  0.00000e+00
  390.0  0.00000e+00
  391.0  0.00000e+00
  392.0  0.00000e+00
  393.0  0.00000e+00
  394.0  0.00000e+00
  395.0  0.00000e+00
  396.0  0.00000e+00
  397.0  0.00000e+00
  398.0  0.00000e+00
  399.0  0.00000e+00
  400.0  0.00000e+00
  401.0  0.00000e+00
  402.0  0.00000e+00
  403.0  0.00000e+00
  404.0  0.00000e+00
  405.0  0.00000e+00
  406.0  0.00000e+00
  407.0  0.00000e+00
  408.0  0.00000e+00
  409.0  0.00000e+00
  410.0  0.00000e+00
  411.0  0.00000e+00
  412.0  0.00000e+00
  413.0  0.00000e+00
  414.0  0.00000e+00
  415.0  0.00000e+00
  416.0  0.00000e+00
  417.0  0.00000e+00
  418.0  0.00000e+00
  419.0  0.00000e+00
  420.0  0.00000e+00
  421.0  0.00000e+00
  422.0  0.00000e+00
  423.0  0.00000e+00
  424.0  0.00000e+00
  425.0  0.00000e+00
  426.0  0.00000e+00
  427.0  0.00000e+00
  428.0  0.00000e+00
  429.0  0.00000e+00
  430.0  0.00000e+00
  431.0  0.00000e+00
  432.0  0.00000e+00
  433.0  0.00000e+00
  434.0  0.00000e+00
  435.0  0.00000e+00
  436.0  0.00000e+00
  437.0  0.00000e+00
  438.0  0.00000e+00
  439.0  0.00000e+00
  440.0  0.00000e+00
  441.0  0.00000e+00
  442.0  0.00000e+00
  443.0  0.00000e+00
  444.0  0.00000e+00
  445.0  0.00000e+00
  446.0  0.00000e+00
  447.0  0.00000e+00
  448.0  0.00000e+00
  449.0  0.00000e+00
  450.0  0.00000e+00
  451.0  0.00000e+00
  452.0  0.00000e+00
  453.0  0.00000e+00
  454.0  0.00000e+00
  455.0  0.00000e+00
  456.0  0.00000e+00
  457.0  0.00000e+00
  458.0  0.00000e+00
  459.0  0.00000e+00
  460.0  0.00000e+00
  461.0  0.00000e+00
  462.0  0.00000e+00
  463.0  0.00000e+00
  464.0  0.00000e+00
  465.0  0.00000e+00
  466.0  0.00000e+00
  467.0  0.00000e+00
  468.0  0.00000e+00
  469.0  0.00000e+00
  470.0  0.00000e+00
  471.0  0.00000e+00
  472.0  0.00000e+00
  473.0  0.00000e+00
  474.0  0.00000e+00
  475.0  0.00000e+00
  476.0  0.00000e+00
  477.0  0.00000e+00
  478.0  0.00000e+00
  479.0  0.00000e+00
  480.0  0.00000e+00
  481.0  0.00000e+00
  482.0  0.00000e+00
  483.0  0.00000e+00
  484.0  0.00000e+00
  485.0  0.00000e+00
  486.0  0.00000e+00
  487.0  0.00000e+00
  488.0  0.00000e+00
  489.0  0.00000e+00
  490.0  0.00000e+00
  491.0  0.00000e+00
  492.0  0.00000e+00
  493.0  0.00000e+00
  494.0  0.00000e+00
  495.0  0.00000e+00
  496.0  0.00000e+00
  497.0  0.00000e+00
  498.0  0.00000e+00
  499.0  0.00000e+00
  500.0  0.00000e+00
  501.0  0.00000e+00
  502.0  0.00000e+00
  503.0  0.00000e+00
  504.0  0.00000e+00
  505.0  0.00000e+00
  506.0  0.00000e+00
  507.0  0.00000e+00
  508.0  0.00000e+00
  509.0  0.00000e+00
  510.0  0.00000e+00
  511.0  0.00000e+00
  512.0  0.00000e+00
  513.0  0.00000e+00
  514.0  0.00000e+00
  515.0  0.00000e+00
  516.0  0.00000e+00
  517.0  0.00000e+00
  518.0  0.00000e+00
  519.0  0.00000e+00
  520.0  0.00000e+00
  521.0  0.00000e+00
  522.0  0.00000e+00
  523.0  0.00000e+00
  524.0  0.00000e+00
  525.0  0.00000e+00
  526.0  0.00000e+00
  527.0  0.00000e+00
  528.0  0.00000e+00
  529.0  0.00000e+00
  530.0  0.00000e+00
  531.0  0.00000e+00
  532.0  0.00000e+00
  533.0  0.00000e+00
  534.0  0.00000e+00
  535.0  0.00000e+00
  536.0  0.00000e+00
  537.0  0.00000e+00
  538.0  0.00000e+00
  539.0  0.00000e+00
  540.0  0.00000e+00
  541.0  0.00000e+00
  542.0  0.00000e+00
  543.0  0.00000e+00
  544.0  0.00000e+00
  545.0  0.00000e+00
  546.0  0.00000e+00
  547.0  0.00000e+00
  548.0  0.00000e+00
  549.0  0.00000e+00
  550.0  0.00000e+00
  551.0  0.00000e+00
  552.0  0.00000e+00
  553.0  0.00000e+00
  554.0  0.00000e+00
  555.0  0.00000e+00
  556.0  0.00000e+00
  557.0  0.00000e+00
  558.0  0.00000e+00
  559.0  0.00000e+00
  560.0  0.00000e+00
  561.0  0.00000e+00
  562.0  0.00000e+00
  563.0  0.00000e+00
  564.0  0.00000e+00
  565.0  0.00000e+00
  566.0  0.00000e+00
  567.0  0.00000e+00
  568.0  0.00000e+00
  569.0  0.00000e+00
  570.0  0.00000e+00
  571.0  0.00000e+00
  572.0  0.00000e+00
  573.0  0.00000e+00
  574.0  0.00000e+00
  575.0  0.00000e+00
  576.0  0.00000e+00
  577.0  0.00000e+00
  578.0  0.00000e+00
  579.0  0.00000e+00
  580.0  0.00000e+00
  581.0  0.00000e+00
  582.0  0.00000e+00
  583.0  0.00000e+00
  584.0  0.00000e+00
  585.0  0.00000e+00
  586.0  0.00000e+00
  587.0  0.00000e+00
  588.0  0.00000e+00
  589.0  0.00000e+00
  590.0  0.00000e+00
  591.0  0.00000e+00
  592.0  0.00000e+00
  593.0  0.00000e+00
  594.0  0.00000e+00
  595.0  0.00000e+00
  596.0  0.00000e+00
  597.0  0.00000e+00
  598.0  0.00000e+00
  599.0  0.00000e+00
  600.0  0.00000e+00
  601.0  0.00000e+00
  602.0  0.00000e+00
  603.0  0.00000e+00
  604.0  0.00000e+00
  605.0  0.00000e+00
  606.0  0.00000e+00
  607.0  0.00000e+00
  608.0  0.00000e+00
  609.0  0.00000e+00
  610.0  0.00000e+00
  611.0  0.00000e+00
  612.0  0.00000e+00
