    5.0  0.00000e+00
    6.0  0.00000e+00
    7.0  0.00000e+00
    8.0  0.00000e+00
    9.0  0.00000e+00
   10.0  0.00000e+00
   11.0  0.00000e+00
   12.0  0.00000e+00
   13.0  0.00000e+00
   14.0  0.00000e+00
   15.0  0.00000e+00
   16.0  0.00000e+00
   17.0  0.00000e+00
   18.0  0.00000e+00
   19.0  0.00000e+00
   20.0  0.00000e+00
   21.0  0.00000e+00
   22.0  0.00000e+00
   23.0  0.00000e+00
   24.0  0.00000e+00
   25.0  0.00000e+00
   26.0  0.00000e+00
   27.0  0.00000e+00
   28.0  0.00000e+00
   29.0  0.00000e+00
   30.0  0.00000e+00
   31.0  0.00000e+00
   32.0  0.00000e+00
   33.0  0.00000e+00
   34.0  0.00000e+00
   35.0  0.00000e+00
   36.0  0.00000e+00
   37.0  0.00000e+00
   38.0  0.00000e+00
   39.0  0.00000e+00
   40.0  0.00000e+00
   41.0  0.00000e+00
   42.0  0.00000e+00
   43.0  0.00000e+00
   44.0  0.00000e+00
   45.0  0.00000e+00
   46.0  0.00000e+00
   47.0  0.00000e+00
   48.0  0.00000e+00
   49.0  0.00000e+00
   50.0  0.00000e+00
   51.0  0.00000e+00
   52.0  0.00000e+00
   53.0  0.00000e+00
   54.0  0.00000e+00
   55.0  0.00000e+00
   56.0  0.00000e+00
   57.0  0.00000e+00
   58.0  0.00000e+00
   59.0  0.00000e+00
   60.0  0.00000e+00
   61.0  0.00000e+00
   62.0  0.00000e+00
   63.0  0.00000e+00
   64.0  0.00000e+00
   65.0  0.00000e+00
   66.0  0.00000e+00
   67.0  0.00000e+00
   68.0  0.00000e+00
   69.0  0.00000e+00
   70.0  0.00000e+00
   71.0  0.00000e+00
   72.0  0.00000e+00
   73.0  0.00000e+00
   74.0  0.00000e+00
   75.0  0.00000e+00
   76.0  0.00000e+00
   77.0  0.00000e+00
   78.0  0.00000e+00
   79.0  0.00000e+00
   80.0  0.00000e+00
   81.0  0.00000e+00
   82.0  0.00000e+00
   83.0  0.00000e+00
   84.0  1.08696e-02
   85.0  3.26087e-02
   86.0  5.43478e-02
   87.0  7.60870e-02
   88.0  9.78261e-02
   89.0  1.19565e-01
   90.0  1.41304e-01
   91.0  1.63043e-01
   92.0  1.84783e-01
   93.0  2.06522e-01
   94.0  2.28261e-01
   95.0  2.50000e-01
   96.0  2.71739e-01
   97.0  2.93478e-01
   98.0  3.15217e-01
   99.0  3.36957e-01
  100.0  3.58696e-01
  101.0  3.80435e-01
  102.0  4.02174e-01
  103.0  4.23913e-01
  104.0  4.45652e-01
  105.0  4.67391e-01
  106.0  4.89130e-01
  107.0  5.00000e-01
  108.0  5.00000e-01
  109.0  5.00000e-01
  110.0  5.00000e-01
  111.0  5.00000e-01
  112.0  5.00000e-01
  113.0  5.00000e-01
  114.0  5.00000e-01
  115.0  5.00000e-01
  116.0  5.00000e-01
  117.0  5.00000e-01
  118.0  5.00000e-01
  119.0  5.00000e-01
  120.0  5.00000e-01
  121.0  5.00000e-01
  122.0  5.00000e-01
  123.0  5.00000e-01
  124.0  5.00000e-01
  125.0  5.00000e-01
  126.0  5.00000e-01
  127.0  5.00000e-01
  128.0  5.00000e-01
  129.0  5.00000e-01
  130.0  5.00000e-01
  131.0  5.00000e-01
  132.0  5.00000e-01
  133.0  5.00000e-01
  134.0  5.00000e-01
  135.0  5.00000e-01
  136.0  5.00000e-01
  137.0  5.00000e-01
  138.0  5.00000e-01
  139.0  5.00000e-01
  140.0  5.00000e-01
  141.0  5.00000e-01
  142.0  5.00000e-01
  143.0  5.00000e-01
  144.0  5.00000e-01
  145.0  5.00000e-01
  146.0  5.00000e-01
  147.0  5.00000e-01
  148.0  5.00000e-01
  149.0  5.00000e-01
  150.0  5.00000e-01
  151.0  5.00000e-01
  152.0  5.00000e-01
  153.0  5.00000e-01
  154.0  5.00000e-01
  155.0  5.00000e-01
  156.0  5.00000e-01
  157.0  5.00000e-01
  158.0  5.00000e-01
  159.0  5.00000e-01
  160.0  5.00000e-01
  161.0  5.00000e-01
  162.0  5.00000e-01
  163.0  5.00000e-01
  164.0  5.00000e-01
  165.0  5.00000e-01
  166.0  5.00000e-01
  167.0  5.00000e-01
  168.0  5.00000e-01
  169.0  5.00000e-01
  170.0  5.00000e-01
  171.0  5.00000e-01
  172.0  5.00000e-01
  173.0  5.00000e-01
  174.0  5.00000e-01
  175.0  5.00000e-01
  176.0  5.00000e-01
  177.0  5.00000e-01
  178.0  5.00000e-01
  179.0  5.00000e-01
  180.0  5.00000e-01
  181.0  5.00000e-01
  182.0  5.00000e-01
  183.0  5.00000e-01
  184.0  5.00000e-01
  185.0  5.00000e-01
  186.0  5.00000e-01
  187.0  5.00000e-01
  188.0  5.00000e-01
  189.0  5.00000e-01
  190.0  5.00000e-01
  191.0  5.00000e-01
  192.0  5.00000e-01
  193.0  5.00000e-01
  194.0  5.00000e-01
  195.0  5.00000e-01
  196.0  5.00000e-01
  197.0  5.00000e-01
  198.0  5.00000e-01
  199.0  5.00000e-01
  200.0  5.00000e-01
  201.0  5.00000e-01
  202.0  5.00000e-01
  203.0  5.00000e-01
  204.0  5.00000e-01
  205.0  5.00000e-01
  206.0  5.00000e-01
  207.0  1.00000e+00
  208.0  1.00000e+00
  209.0  1.00000e+00
  210.0  1.00000e+00
  211.0  1.00000e+00
  212.0  1.00000e+00
  213.0  1.00000e+00
  214.0  1.00000e+00
  215.0  1.00000e+00
  216.0  1.00000e+00
  217.0  1.00000e+00
  218.0  0.00000e+00
  219.0  0.00000e+00
  220.0  0.00000e+00
  221.0  0.00000e+00
  222.0  0.00000e+00
  223.0  0.00000e+00
  224.0  0.00000e+00
  225.0  0.00000e+00
  226.0  0.00000e+00
  227.0  0.00000e+00
  228.0  0.00000e+00
  229.0  0.00000e+00
  230.0  0.00000e+00
  231.0  0.00000e+00
  232.0  0.00000e+00
  233.0  0.00000e+00
  234.0  0.00000e+00
  235.0  0.00000e+00
  236.0  0.00000e+00
  237.0  0.00000e+00
  238.0  0.00000e+00
  239.0  0.00000e+00
  240.0  0.00000e+00
  241.0  0.00000e+00
  242.0  0.00000e+00
  243.0  0.00000e+00
  244.0  0.00000e+00
  245.0  0.00000e+00
  246.0  0.00000e+00
  247.0  0.00000e+00
  248.0  0.00000e+00
  249.0  0.00000e+00
  250.0  0.00000e+00
  251.0  0.00000e+00
  252.0  0.00000e+00
  253.0  0.00000e+00
  254.0  0.00000e+00
  255.0  0.00000e+00
  256.0  0.00000e+00
  257.0  0.00000e+00
  258.0  0.00000e+00
  259.0  0.00000e+00
  260.0  0.00000e+00
  261.0  0.00000e+00
  262.0  0.00000e+00
  263.0  0.00000e+00
  264.0  0.00000e+00
  265.0  0.00000e+00
  266.0  0.00000e+00
  267.0  0.00000e+00
  268.0  0.00000e+00
  269.0  0.00000e+00
  270.0  0.00000e+00
  271.0  0.00000e+00
  272.0  0.00000e+00
  273.0  0.00000e+00
  274.0  0.00000e+00
  275.0  0.00000e+00
  276.0  0.00000e+00
  277.0  0.00000e+00
  278.0  0.00000e+00
  279.0  0.00000e+00
  280.0  0.00000e+00
  281.0  0.00000e+00
  282.0  0.00000e+00
  283.0  0.00000e+00
  284.0  0.00000e+00
  285.0  0.00000e+00
  286.0  0.00000e+00
  287.0  0.00000e+00
  288.0  0.00000e+00
  289.0  0.00000e+00
  290.0  0.00000e+00
  291.0  0.00000e+00
  292.0  0.00000e+00
  293.0  0.00000e+00
  294.0  0.00000e+00
  295.0  0.00000e+00
  296.0  0.00000e+00
  297.0  0.00000e+00
  298.0  0.00000e+00
  299.0  0.00000e+00
  300.0  0.00000e+00
  301.0  0.00000e+00
  302.0  0.00000e+00
  303.0  0.00000e+00
  304.0  0.00000e+00
  305.0  0.00000e+00
  306.0  0.00000e+00
  307.0  0.00000e+00
  308.0  0.00000e+00
  309.0  0.00000e+00
  310.0  0.00000e+00
  311.0  0.00000e+00
  312.0  0.00000e+00
  313.0  0.00000e+00
  314.0  0.00000e+00
  315.0  0.00000e+00
  316.0  0.00000e+00
  317.0  0.00000e+00
  318.0  0.00000e+00
  319.0  0.00000e+00
  320.0  0.00000e+00
  321.0  0.00000e+00
  322.0  0.00000e+00
  323.0  0.00000e+00
  324.0  0.00000e+00
  325.0  0.00000e+00
  326.0  0.00000e+00
  327.0  0.00000e+00
  328.0  0.00000e+00
  329.0  0.00000e+00
  330.0  0.00000e+00
  331.0  0.00000e+00
  332.0  0.00000e+00
  333.0  0.00000e+00
  334.0  0.00000e+00
  335.0  0.00000e+00
  336.0  0.00000e+00
  337.0  0.00000e+00
  338.0  0.00000e+00
  339.0  0.00000e+00
  340.0  0.00000e+00
  341.0  0.00000e+00
  342.0  0.00000e+00
  343.0  0.00000e+00
  344.0  0.00000e+00
  345.0  0.00000e+00
  346.0  0.00000e+00
  347.0  0.00000e+00
  348.0  0.00000e+00
  349.0  0.00000e+00
  350.0  0.00000e+00
  351.0  0.00000e+00
  352.0  0.00000e+00
  353.0  0.00000e+00
  354.0  0.00000e+00
  355.0  0.00000e+00
  356.0  0.00000e+00
  357.0  0.00000e+00
  358.0  0.00000e+00
  359.0  0.00000e+00
  360.0  0.00000e+00
  361.0  0.00000e+00
  362.0  0.00000e+00
  363.0  0.00000e+00
  364.0  0.00000e+00
  365.0  0.00000e+00
  366.0  0.00000e+00
  367.0  0.00000e+00
  368.0  0.00000e+00
  369.0  0.00000e+00
  370.0  0.00000e+00
  371.0  0.00000e+00
  372.0  0.00000e+00
  373.0  0.00000e+00
  374.0  0.00000e+00
  375.0  0.00000e+00
  376.0  0.00000e+00
  377.0  0.00000e+00
  378.0  0.00000e+00
  379.0  0.00000e+00
  380.0  0.00000e+00
  381.0  0.00000e+00
  382.0  0.00000e+00
  383.0  0.00000e+00
  384.0  0.00000e+00
  385.0  0.00000e+00
  386.0  0.00000e+00
  387.0  0.00000e+00
  388.0  0.00000e+00
  389.0  0.00000e+00
  390.0  0.00000e+00
  391.0  0.00000e+00
  392.0  0.00000e+00
  393.0  0.00000e+00
  394.0  0.00000e+00
  395.0  0.00000e+00
  396.0  0.00000e+00
  397.0  0.00000e+00
  398.0  0.00000e+00
  399.0  0.00000e+00
  400.0  0.00000e+00
  401.0  0.00000e+00
  402.0  0.00000e+00
  403.0  0.00000e+00
  404.0  0.00000e+00
  405.0  0.00000e+00
  406.0  0.00000e+00
  407.0  0.00000e+00
  408.0  0.00000e+00
  409.0  0.00000e+00
  410.0  0.00000e+00
  411.0  0.00000e+00
  412.0  0.00000e+00
  413.0  0.00000e+00
  414.0  0.00000e+00
  415.0  0.00000e+00
