   65.0  7.38468e-18
   66.0  7.82746e-18
   67.0  8.28457e-18
   68.0  8.81889e-18
   69.0  9.36483e-18
   70.0  9.94860e-18
   71.0  1.06626e-17
   72.0  1.13876e-17
   73.0  1.21170e-17
   74.0  1.28924e-17
   75.0  1.36804e-17
   76.0  1.45194e-17
   77.0  1.54343e-17
   78.0  1.63803e-17
   79.0  1.73960e-17
   80.0  1.83811e-17
   81.0  1.93376e-17
   82.0  2.04315e-17
   83.0  2.17591e-17
   84.0  2.30524e-17
   85.0  2.43211e-17
   86.0  2.56974e-17
   87.0  2.71860e-17
   88.0  2.88785e-17
   89.0  3.00145e-17
   90.0  3.03833e-17
   91.0  2.98937e-17
   92.0  2.84202e-17
   93.0  2.62565e-17
   94.0  2.42451e-17
   95.0  2.27085e-17
   96.0  2.14286e-17
   97.0  2.00983e-17
   98.0  1.85432e-17
   99.0  1.63759e-17
  100.0  1.43018e-17
  101.0  1.24988e-17
  102.0  1.11337e-17
  103.0  9.69019e-18
  104.0  8.63604e-18
  105.0  7.82446e-18
  106.0  9.21414e-18
  107.0  9.57085e-18
  108.0  9.72107e-18
  109.0  9.87674e-18
  110.0  1.00484e-17
  111.0  1.02584e-17
  112.0  1.04264e-17
  113.0  1.05600e-17
  114.0  1.06261e-17
  115.0  1.06493e-17
  116.0  1.06394e-17
  117.0  1.05157e-17
  118.0  1.03154e-17
  119.0  1.01171e-17
  120.0  9.91698e-18
  121.0  9.67410e-18
  122.0  9.39696e-18
  123.0  9.12145e-18
  124.0  8.81483e-18
  125.0  8.47800e-18
  126.0  8.18419e-18
  127.0  7.90202e-18
  128.0  7.68235e-18
  129.0  7.58567e-18
  130.0  7.62452e-18
  131.0  7.74184e-18
  132.0  7.93092e-18
  133.0  8.10600e-18
  134.0  8.24474e-18
  135.0  8.32095e-18
  136.0  8.40364e-18
  137.0  8.70649e-18
  138.0  8.66682e-18
  139.0  8.57497e-18
  140.0  8.17120e-18
  141.0  8.25048e-18
  142.0  7.51516e-18
  143.0  6.66431e-18
  144.0  7.04977e-18
  145.0  5.91740e-18
  146.0  5.06406e-18
  147.0  4.98510e-18
  148.0  4.07210e-18
  149.0  4.10684e-18
  150.0  3.57694e-18
  151.0  2.96606e-18
  152.0  2.84711e-18
  153.0  2.57255e-18
  154.0  2.12216e-18
  155.0  1.85648e-18
  156.0  1.90040e-18
  157.0  1.47795e-18
  158.0  1.28904e-18
  159.0  1.40121e-18
  160.0  1.45497e-18
  161.0  1.29733e-18
  162.0  1.10162e-18
  163.0  1.19878e-18
  164.0  1.16585e-18
  165.0  1.19164e-18
  166.0  1.22927e-18
  167.0  1.28222e-18
  168.0  1.12132e-18
  169.0  1.09623e-18
  170.0  1.06521e-18
  171.0  1.06922e-18
  172.0  1.11276e-18
  173.0  1.17081e-18
  174.0  1.22491e-18
  175.0  1.25722e-18
  176.0  1.29913e-18
  177.0  1.32315e-18
  178.0  1.35410e-18
  179.0  1.36508e-18
  180.0  1.35106e-18
  181.0  1.30206e-18
  182.0  1.19139e-18
  183.0  1.04488e-18
  184.0  9.35991e-19
  185.0  8.33306e-19
  186.0  7.69154e-19
  187.0  7.30838e-19
  188.0  7.07519e-19
  189.0  6.67225e-19
  190.0  6.60273e-19
  191.0  6.37238e-19
  192.0  6.15037e-19
  193.0  5.93657e-19
  194.0  5.73086e-19
  195.0  5.53314e-19
  196.0  5.34363e-19
  197.0  5.16279e-19
  198.0  4.99106e-19
  199.0  4.82963e-19
  200.0  4.67460e-19
  201.0  4.52830e-19
  202.0  4.39069e-19
  203.0  4.26116e-19
  204.0  4.13917e-19
  205.0  4.02499e-19
  206.0  3.91817e-19
  207.0  3.81650e-19
  208.0  3.71758e-19
  209.0  3.61926e-19
  210.0  3.52014e-19
  211.0  3.42041e-19
  212.0  3.32058e-19
  213.0  3.22056e-19
  214.0  3.12024e-19
  215.0  3.01968e-19
  216.0  2.91910e-19
  217.0  2.81929e-19
  218.0  2.72143e-19
  219.0  2.62657e-19
  220.0  2.53573e-19
  221.0  2.44874e-19
  222.0  2.36497e-19
  223.0  2.28456e-19
  224.0  2.20760e-19
  225.0  2.13512e-19
  226.0  2.06688e-19
  227.0  2.00105e-19
  228.0  1.93650e-19
  229.0  1.87220e-19
  230.0  1.80689e-19
  231.0  1.74079e-19
  232.0  1.67540e-19
  233.0  1.61159e-19
  234.0  1.55009e-19
  235.0  1.49107e-19
  236.0  1.43442e-19
  237.0  1.38048e-19
  238.0  1.32974e-19
  239.0  1.28262e-19
  240.0  1.24123e-19
  241.0  1.20521e-19
  242.0  1.17102e-19
  243.0  1.13640e-19
  244.0  1.09936e-19
  245.0  1.05705e-19
  246.0  1.01011e-19
  247.0  9.62181e-20
  248.0  9.15310e-20
  249.0  8.71186e-20
  250.0  8.32069e-20
  251.0  7.97544e-20
  252.0  7.65293e-20
  253.0  7.34576e-20
  254.0  7.04757e-20
  255.0  6.75049e-20
  256.0  6.45518e-20
  257.0  6.16845e-20
  258.0  5.89236e-20
  259.0  5.62861e-20
  260.0  5.37984e-20
  261.0  5.14520e-20
  262.0  4.92130e-20
  263.0  4.70691e-20
  264.0  4.50098e-20
  265.0  4.30196e-20
  266.0  4.10971e-20
  267.0  3.92532e-20
  268.0  3.74920e-20
  269.0  3.58162e-20
  270.0  3.42397e-20
  271.0  3.27566e-20
  272.0  3.13404e-20
  273.0  2.99767e-20
  274.0  2.86532e-20
  275.0  2.73892e-20
  276.0  2.61833e-20
  277.0  2.49972e-20
  278.0  2.38107e-20
  279.0  2.26075e-20
  280.0  2.13357e-20
  281.0  2.00113e-20
  282.0  1.87268e-20
  283.0  1.75381e-20
  284.0  1.64868e-20
  285.0  1.56337e-20
  286.0  1.49567e-20
  287.0  1.43668e-20
  288.0  1.38191e-20
  289.0  1.32753e-20
  290.0  1.26841e-20
  291.0  1.20522e-20
  292.0  1.14290e-20
  293.0  1.08305e-20
  294.0  1.02696e-20
  295.0  9.77280e-21
  296.0  9.33456e-21
  297.0  8.92040e-21
  298.0  8.51525e-21
  299.0  8.10660e-21
  300.0  7.67153e-21
  301.0  7.21549e-21
  302.0  6.77062e-21
  303.0  6.35355e-21
  304.0  5.97688e-21
  305.0  5.65615e-21
  306.0  5.38532e-21
  307.0  5.14286e-21
  308.0  4.91894e-21
  309.0  4.70524e-21
  310.0  4.49482e-21
  311.0  4.28793e-21
  312.0  4.08701e-21
  313.0  3.89031e-21
  314.0  3.69641e-21
  315.0  3.50201e-21
  316.0  3.30808e-21
  317.0  3.12043e-21
  318.0  2.94293e-21
  319.0  2.77857e-21
  320.0  2.62920e-21
  321.0  2.49343e-21
  322.0  2.36887e-21
  323.0  2.25466e-21
  324.0  2.15002e-21
  325.0  2.05581e-21
  326.0  1.97113e-21
  327.0  1.89214e-21
  328.0  1.81561e-21
  329.0  1.73879e-21
  330.0  1.65839e-21
  331.0  1.57510e-21
  332.0  1.49264e-21
  333.0  1.41275e-21
  334.0  1.33682e-21
  335.0  1.27146e-21
  336.0  1.21580e-21
  337.0  1.16060e-21
  338.0  1.10154e-21
  339.0  1.03528e-21
  340.0  9.53880e-22
  341.0  8.61009e-22
  342.0  7.71340e-22
  343.0  6.92165e-22
  344.0  6.27954e-22
  345.0  5.97697e-22
  346.0  5.97804e-22
  347.0  5.98324e-22
  348.0  5.81651e-22
  349.0  5.33434e-22
  350.0  4.34976e-22
  351.0  3.19067e-22
  352.0  2.40420e-22
  353.0  2.05011e-22
  354.0  1.93938e-22
  355.0  1.81839e-22
  356.0  1.69476e-22
  357.0  1.57746e-22
  358.0  1.47804e-22
  359.0  1.37999e-22
  360.0  1.28301e-22
  361.0  1.19702e-22
  362.0  1.11971e-22
  363.0  1.04506e-22
  364.0  9.72575e-23
  365.0  9.08548e-23
  366.0  8.50049e-23
  367.0  7.99616e-23
  368.0  7.50845e-23
  369.0  7.02479e-23
  370.0  6.57983e-23
  371.0  6.20289e-23
  372.0  5.85149e-23
  373.0  5.47114e-23
  374.0  5.13208e-23
  375.0  4.84347e-23
  376.0  4.59050e-23
  377.0  4.34782e-23
  378.0  4.09084e-23
  379.0  3.84054e-23
  380.0  3.64512e-23
  381.0  3.47735e-23
  382.0  3.32209e-23
  383.0  3.21796e-23
  384.0  3.08374e-23
  385.0  2.89585e-23
  386.0  2.77144e-23
  387.0  2.67602e-23
  388.0  2.51990e-23
  389.0  2.37926e-23
  390.0  2.23160e-23
  391.0  2.12100e-23
  392.0  2.01429e-23
  393.0  1.90595e-23
  394.0  1.81598e-23
  395.0  1.74506e-23
  396.0  1.67339e-23
  397.0  1.61639e-23
  398.0  1.54426e-23
  399.0  1.47370e-23
  400.0  1.40617e-23
  401.0  1.33539e-23
  402.0  1.25748e-23
  403.0  1.20535e-23
  404.0  1.15945e-23
  405.0  1.10850e-23
  406.0  1.04663e-23
  407.0  1.00682e-23
  408.0  9.83504e-24
  409.0  9.36752e-24
