  196.0  2.25577e-18
  197.0  2.26550e-18
  198.0  2.27210e-18
  199.0  2.27770e-18
  200.0  2.28556e-18
  201.0  2.29230e-18
  202.0  2.30229e-18
  203.0  2.31068e-18
  204.0  2.32395e-18
  205.0  2.33384e-18
  206.0  2.34589e-18
  207.0  2.36165e-18
  208.0  2.37558e-18
  209.0  2.39243e-18
  210.0  2.41521e-18
  211.0  2.43646e-18
  212.0  2.45888e-18
  213.0  2.48773e-18
  214.0  2.52448e-18
  215.0  2.56643e-18
  216.0  2.61595e-18
  217.0  2.67654e-18
  218.0  2.74477e-18
  219.0  2.84060e-18
  220.0  2.93065e-18
  221.0  3.03096e-18
  222.0  3.13751e-18
  223.0  3.24884e-18
  224.0  3.34949e-18
  225.0  3.43826e-18
  226.0  3.51039e-18
  227.0  3.57080e-18
  228.0  3.60209e-18
  229.0  3.60617e-18
  230.0  3.57826e-18
  231.0  3.52357e-18
  232.0  3.43752e-18
  233.0  3.32699e-18
  234.0  3.20580e-18
  235.0  3.06153e-18
  236.0  2.90380e-18
  237.0  2.74008e-18
  238.0  2.57536e-18
  239.0  2.42693e-18
  240.0  2.26543e-18
  241.0  2.10267e-18
  242.0  1.95460e-18
  243.0  1.81823e-18
  244.0  1.68759e-18
  245.0  1.56528e-18
  246.0  1.44724e-18
  247.0  1.33989e-18
  248.0  1.23381e-18
  249.0  1.14437e-18
  250.0  1.04778e-18
  251.0  9.55053e-19
  252.0  8.71853e-19
  253.0  7.98400e-19
  254.0  7.26468e-19
  255.0  6.60531e-19
  256.0  5.96648e-19
  257.0  5.40931e-19
  258.0  4.82215e-19
  259.0  4.35322e-19
  260.0  3.75234e-19
  261.0  3.25004e-19
  262.0  2.78314e-19
  263.0  2.31004e-19
  264.0  1.86673e-19
  265.0  1.42198e-19
  266.0  0.00000e+00
  267.0  0.00000e+00
  268.0  0.00000e+00
  269.0  0.00000e+00
  270.0  0.00000e+00
  271.0  0.00000e+00
  272.0  0.00000e+00
  273.0  0.00000e+00
  274.0  0.00000e+00
  275.0  0.00000e+00
  276.0  0.00000e+00
  277.0  0.00000e+00
  278.0  0.00000e+00
  279.0  0.00000e+00
  280.0  0.00000e+00
  281.0  0.00000e+00
  282.0  0.00000e+00
  283.0  0.00000e+00
  284.0  0.00000e+00
  285.0  0.00000e+00
  286.0  0.00000e+00
  287.0  0.00000e+00
  288.0  0.00000e+00
  289.0  0.00000e+00
  290.0  0.00000e+00
  291.0  0.00000e+00
  292.0  0.00000e+00
  293.0  0.00000e+00
  294.0  0.00000e+00
  295.0  0.00000e+00
  296.0  0.00000e+00
  297.0  0.00000e+00
  298.0  0.00000e+00
  299.0  0.00000e+00
  300.0  0.00000e+00
  301.0  0.00000e+00
  302.0  0.00000e+00
  303.0  0.00000e+00
  304.0  0.00000e+00
  305.0  0.00000e+00
  306.0  0.00000e+00
  307.0  0.00000e+00
  308.0  0.00000e+00
  309.0  0.00000e+00
  310.0  0.00000e+00
  311.0  0.00000e+00
  312.0  0.00000e+00
  313.0  0.00000e+00
  314.0  0.00000e+00
  315.0  0.00000e+00
  316.0  0.00000e+00
  317.0  0.00000e+00
  318.0  0.00000e+00
  319.0  0.00000e+00
  320.0  0.00000e+00
  321.0  0.00000e+00
  322.0  0.00000e+00
  323.0  0.00000e+00
  324.0  0.00000e+00
  325.0  0.00000e+00
  326.0  0.00000e+00
  327.0  0.00000e+00
  328.0  0.00000e+00
  329.0  0.00000e+00
  330.0  0.00000e+00
  331.0  0.00000e+00
  332.0  0.00000e+00
  333.0  0.00000e+00
  334.0  0.00000e+00
  335.0  0.00000e+00
  336.0  0.00000e+00
  337.0  0.00000e+00
  338.0  0.00000e+00
  339.0  0.00000e+00
  340.0  0.00000e+00
  341.0  0.00000e+00
  342.0  0.00000e+00
  343.0  0.00000e+00
  344.0  0.00000e+00
  345.0  0.00000e+00
  346.0  0.00000e+00
  347.0  0.00000e+00
  348.0  0.00000e+00
  349.0  0.00000e+00
  350.0  0.00000e+00
  351.0  0.00000e+00
  352.0  0.00000e+00
  353.0  0.00000e+00
  354.0  0.00000e+00
  355.0  0.00000e+00
  356.0  0.00000e+00
  357.0  0.00000e+00
  358.0  0.00000e+00
  359.0  0.00000e+00
  360.0  0.00000e+00
  361.0  0.00000e+00
  362.0  0.00000e+00
  363.0  0.00000e+00
  364.0  0.00000e+00
  365.0  0.00000e+00
  366.0  0.00000e+00
  367.0  0.00000e+00
  368.0  0.00000e+00
  369.0  0.00000e+00
  370.0  0.00000e+00
  371.0  0.00000e+00
  372.0  0.00000e+00
  373.0  0.00000e+00
  374.0  0.00000e+00
  375.0  0.00000e+00
  376.0  0.00000e+00
  377.0  0.00000e+00
  378.0  0.00000e+00
  379.0  0.00000e+00
  380.0  0.00000e+00
  381.0  0.00000e+00
  382.0  0.00000e+00
  383.0  0.00000e+00
  384.0  0.00000e+00
  385.0  0.00000e+00
  386.0  0.00000e+00
  387.0  0.00000e+00
  388.0  0.00000e+00
  389.0  0.00000e+00
  390.0  0.00000e+00
  391.0  0.00000e+00
  392.0  0.00000e+00
  393.0  0.00000e+00
  394.0  0.00000e+00
  395.0  0.00000e+00
  396.0  0.00000e+00
  397.0  0.00000e+00
  398.0  0.00000e+00
  399.0  0.00000e+00
  400.0  0.00000e+00
  401.0  0.00000e+00
  402.0  0.00000e+00
  403.0  0.00000e+00
  404.0  0.00000e+00
  405.0  0.00000e+00
  406.0  0.00000e+00
  407.0  0.00000e+00
  408.0  0.00000e+00
  409.0  0.00000e+00
  410.0  0.00000e+00
  411.0  0.00000e+00
  412.0  0.00000e+00
  413.0  0.00000e+00
  414.0  0.00000e+00
  415.0  0.00000e+00
  416.0  0.00000e+00
  417.0  0.00000e+00
  418.0  0.00000e+00
  419.0  0.00000e+00
  420.0  0.00000e+00
  421.0  0.00000e+00
  422.0  0.00000e+00
  423.0  0.00000e+00
  424.0  0.00000e+00
  425.0  0.00000e+00
  426.0  0.00000e+00
  427.0  0.00000e+00
  428.0  0.00000e+00
  429.0  0.00000e+00
  430.0  0.00000e+00
  431.0  0.00000e+00
  432.0  0.00000e+00
  433.0  0.00000e+00
  434.0  0.00000e+00
  435.0  0.00000e+00
  436.0  0.00000e+00
  437.0  0.00000e+00
  438.0  0.00000e+00
  439.0  0.00000e+00
  440.0  0.00000e+00
  441.0  0.00000e+00
  442.0  0.00000e+00
  443.0  0.00000e+00
  444.0  0.00000e+00
  445.0  0.00000e+00
  446.0  0.00000e+00
  447.0  0.00000e+00
  448.0  0.00000e+00
  449.0  0.00000e+00
  450.0  0.00000e+00
  451.0  0.00000e+00
  452.0  0.00000e+00
  453.0  0.00000e+00
  454.0  0.00000e+00
  455.0  0.00000e+00
  456.0  0.00000e+00
  457.0  0.00000e+00
  458.0  0.00000e+00
  459.0  0.00000e+00
  460.0  0.00000e+00
  461.0  0.00000e+00
  462.0  0.00000e+00
  463.0  1.52142e-19
  464.0  1.03840e-19
  465.0  6.28423e-20
  466.0  2.54512e-19
  467.0  4.40508e-19
  468.0  1.18092e-19
  469.0  1.04566e-19
  470.0  4.35881e-20
  471.0  4.16654e-20
  472.0  8.19563e-20
  473.0  5.87714e-20
  474.0  1.44394e-20
  475.0  4.14897e-20
  476.0  5.59000e-20
  477.0  5.28469e-20
  478.0  8.98347e-20
  479.0  1.19683e-19
  480.0  1.09615e-19
  481.0  9.62987e-20
  482.0  2.07362e-19
  483.0  7.84323e-19
  484.0  6.94543e-19
  485.0  5.56167e-19
  486.0  2.38006e-19
  487.0  1.87448e-19
  488.0  1.36421e-19
  489.0  9.09658e-20
  490.0  1.79579e-19
  491.0  1.64800e-19
  492.0  1.74357e-19
  493.0  1.84728e-19
  494.0  1.65061e-19
  495.0  3.22657e-19
  496.0  3.86341e-19
  497.0  1.65057e-19
  498.0  2.16507e-19
  499.0  9.14005e-19
  500.0  3.24762e-18
  501.0  2.85137e-18
  502.0  8.45011e-19
  503.0  7.59353e-19
  504.0  4.09379e-19
  505.0  3.92646e-19
  506.0  3.93371e-19
  507.0  2.81018e-19
  508.0  2.15468e-19
  509.0  2.41951e-19
  510.0  2.32112e-19
  511.0  2.64234e-19
  512.0  2.78472e-19
  513.0  3.04833e-19
  514.0  3.90172e-19
  515.0  3.70314e-19
  516.0  3.79634e-19
  517.0  3.57108e-19
  518.0  8.37714e-19
  519.0  2.21934e-18
  520.0  2.52454e-18
  521.0  2.33861e-18
  522.0  1.76018e-18
  523.0  8.80925e-19
  524.0  5.69577e-19
  525.0  4.80504e-19
  526.0  4.40710e-19
  527.0  3.88317e-19
  528.0  3.70608e-19
  529.0  3.90277e-19
  530.0  3.35794e-19
  531.0  4.20772e-19
  532.0  5.19623e-19
  533.0  5.08652e-19
  534.0  4.67267e-19
  535.0  4.44144e-19
  536.0  4.55932e-19
  537.0  7.75049e-19
  538.0  3.13555e-18
  539.0  1.00019e-17
  540.0  8.00470e-18
  541.0  3.97630e-18
  542.0  2.83493e-18
  543.0  2.37227e-18
  544.0  1.18853e-18
  545.0  1.08081e-18
  546.0  9.51789e-19
  547.0  8.45097e-19
  548.0  7.02988e-19
  549.0  5.87725e-19
  550.0  4.99363e-19
  551.0  4.85885e-19
  552.0  3.99670e-19
  553.0  3.79208e-19
  554.0  4.25944e-19
  555.0  4.91065e-19
  556.0  5.48350e-19
  557.0  7.16846e-19
  558.0  7.14701e-19
  559.0  8.20840e-19
  560.0  9.98320e-19
  561.0  2.81479e-18
  562.0  1.00062e-17
  563.0  5.57547e-18
  564.0  6.09022e-18
  565.0  4.27228e-18
  566.0  2.04220e-18
  567.0  9.34752e-19
  568.0  6.09618e-19
  569.0  2.75599e-19
  570.0  2.34587e-19
  571.0  2.62107e-19
  572.0  2.16735e-19
  573.0  1.66932e-19
  574.0  1.68457e-19
  575.0  1.51676e-19
  576.0  1.78100e-19
  577.0  1.80457e-19
  578.0  1.53936e-19
  579.0  2.91098e-19
  580.0  4.51760e-19
  581.0  5.48357e-19
  582.0  4.66902e-19
  583.0  6.34816e-19
  584.0  1.81064e-18
  585.0  5.39948e-18
  586.0  8.55121e-18
  587.0  7.29158e-18
  588.0  3.55298e-18
  589.0  2.45785e-18
  590.0  2.22193e-18
  591.0  1.40760e-18
  592.0  1.21280e-18
  593.0  1.13741e-18
  594.0  1.08216e-18
  595.0  1.34700e-18
  596.0  1.12054e-18
  597.0  7.61164e-19
  598.0  8.45483e-19
  599.0  5.87992e-19
  600.0  6.51790e-19
  601.0  6.18863e-19
  602.0  4.71236e-19
  603.0  5.81261e-19
  604.0  4.73862e-19
  605.0  5.80155e-19
  606.0  4.22675e-19
  607.0  4.38462e-19
  608.0  5.62125e-19
  609.0  6.82727e-19
  610.0  8.09095e-19
  611.0  9.68426e-19
  612.0  1.40814e-18
  613.0  5.54919e-18
  614.0  5.41894e-18
  615.0  2.29814e-18
  616.0  2.35173e-18
  617.0  1.80617e-18
  618.0  1.43484e-18
  619.0  1.21636e-18
  620.0  8.14079e-19
  621.0  6.71315e-19
  622.0  4.00949e-19
  623.0  4.81300e-19
  624.0  3.63382e-19
  625.0  2.47606e-19
  626.0  3.12590e-19
  627.0  1.28209e-19
  628.0  1.07070e-19
  629.0  4.88644e-20
  630.0  1.57770e-19
  631.0  2.09825e-19
  632.0  2.07349e-19
  633.0  1.69700e-19
  634.0  1.15335e-19
  635.0  7.05711e-20
  636.0  7.10866e-20
  637.0  1.20466e-19
  638.0  1.36598e-19
  639.0  2.07775e-19
  640.0  2.48133e-19
  641.0  4.08228e-19
  642.0  8.14339e-19
  643.0  1.36228e-18
  644.0  1.53656e-18
  645.0  1.25738e-18
  646.0  6.13403e-19
  647.0  4.23203e-19
  648.0  3.66153e-19
  649.0  2.71013e-19
  650.0  1.67640e-19
  651.0  1.02198e-19
  652.0  8.24189e-20
  653.0  8.02471e-20
  654.0  6.30663e-20
  655.0  1.32655e-20
  656.0  3.65573e-20
  657.0  2.11455e-20
  658.0  1.00000e-35
  659.0  1.00000e-35
  660.0  1.00000e-35
  661.0  1.00000e-35
  662.0  1.00000e-35
  663.0  1.00000e-35
  664.0  1.00000e-35
  665.0  1.00000e-35
  666.0  1.00000e-35
  667.0  1.00000e-35
  668.0  1.00000e-35
  669.0  1.00000e-35
  670.0  1.00000e-35
  671.0  1.00000e-35
  672.0  1.00000e-35
  673.0  1.00000e-35
  674.0  1.00000e-35
  675.0  1.00000e-35
  676.0  2.21629e-19
  677.0  8.80777e-19
  678.0  2.31986e-19
  679.0  1.21317e-19
  680.0  1.04161e-35
  681.0  1.00000e-35
  682.0  1.00000e-35
  683.0  1.00000e-35
  684.0  1.00000e-35
  685.0  1.00000e-35
  686.0  1.00000e-35
  687.0  1.00000e-35
  688.0  1.00000e-35
  689.0  1.00000e-35
  690.0  1.00000e-35
  691.0  1.00000e-35
  692.0  1.00000e-35
  693.0  1.00000e-35
  694.0  1.00000e-35
  695.0  1.00000e-35
  696.0  1.00000e-35
  697.0  1.00000e-35
  698.0  1.00000e-35
  699.0  1.00000e-35
  700.0  1.00000e-35
  701.0  1.00000e-35
  702.0  1.00000e-35
  703.0  1.00000e-35
  704.0  1.00000e-35
  705.0  1.00000e-35
  706.0  1.00000e-35
  707.0  1.00000e-35
  708.0  1.00000e-35
  709.0  1.32572e-20
  710.0  2.14607e-20
  711.0  3.58400e-20
  712.0  5.02922e-20
  713.0  7.09074e-20
  714.0  2.23401e-19
  715.0  2.91366e-19
  716.0  1.60020e-19
  717.0  5.78211e-20
  718.0  1.00000e-35
  719.0  9.99427e-36
  720.0  3.71203e-20
  721.0  5.60979e-21
  722.0  2.64584e-20
