  239.0  2.94375e-20
  240.0  5.14672e-20
  241.0  7.55510e-20
  242.0  1.11227e-19
  243.0  1.57962e-19
  244.0  2.24307e-19
  245.0  3.06391e-19
  246.0  4.05499e-19
  247.0  5.25018e-19
  248.0  6.67070e-19
  249.0  8.58183e-19
  250.0  1.11280e-18
  251.0  1.47736e-18
  252.0  1.87712e-18
  253.0  2.27707e-18
  254.0  2.68352e-18
  255.0  3.10010e-18
  256.0  3.50055e-18
  257.0  3.84767e-18
  258.0  4.20282e-18
  259.0  4.66932e-18
  260.0  5.55275e-18
  261.0  6.78193e-18
  262.0  8.30063e-18
  263.0  9.90467e-18
  264.0  1.12628e-17
  265.0  1.22897e-17
  266.0  1.30238e-17
  267.0  1.37611e-17
  268.0  1.44443e-17
  269.0  1.50035e-17
  270.0  1.54789e-17
  271.0  1.59310e-17
  272.0  1.64606e-17
  273.0  1.69629e-17
  274.0  1.74102e-17
  275.0  1.77989e-17
  276.0  1.81502e-17
  277.0  1.84192e-17
  278.0  1.85633e-17
  279.0  1.85835e-17
  280.0  1.84652e-17
  281.0  1.82222e-17
  282.0  1.78935e-17
  283.0  1.74999e-17
  284.0  1.70373e-17
  285.0  1.65331e-17
  286.0  1.60269e-17
  287.0  1.54967e-17
  288.0  1.49430e-17
  289.0  1.44179e-17
  290.0  1.38784e-17
  291.0  1.32923e-17
  292.0  1.26414e-17
  293.0  1.19193e-17
  294.0  1.11496e-17
  295.0  1.03498e-17
  296.0  9.54553e-18
  297.0  8.78784e-18
  298.0  8.05433e-18
  299.0  7.34572e-18
  300.0  6.66704e-18
  301.0  6.03103e-18
  302.0  5.43385e-18
  303.0  4.88952e-18
  304.0  4.40431e-18
  305.0  4.02212e-18
  306.0  3.67519e-18
  307.0  3.33403e-18
  308.0  2.98045e-18
  309.0  2.61072e-18
  310.0  2.25368e-18
  311.0  1.92386e-18
  312.0  1.64050e-18
  313.0  1.39144e-18
  314.0  1.17728e-18
  315.0  1.00248e-18
  316.0  8.56030e-19
  317.0  7.36701e-19
  318.0  6.50027e-19
  319.0  5.79808e-19
  320.0  5.19472e-19
  321.0  4.63288e-19
  322.0  4.08373e-19
  323.0  3.55678e-19
  324.0  3.05642e-19
  325.0  2.58265e-19
  326.0  2.15370e-19
  327.0  1.77565e-19
  328.0  1.48384e-19
  329.0  1.23738e-19
  330.0  1.02364e-19
  331.0  8.51567e-20
  332.0  6.50656e-20
  333.0  4.36202e-20
  334.0  3.25798e-20
  335.0  2.31347e-20
  336.0  1.46661e-20
  337.0  1.04442e-20
  338.0  7.84202e-21
  339.0  5.34781e-21
  340.0  3.90977e-21
  341.0  3.10714e-21
  342.0  2.60726e-21
  343.0  2.47934e-21
  344.0  2.54045e-21
  345.0  2.69981e-21
  346.0  2.96583e-21
  347.0  3.27389e-21
  348.0  3.61122e-21
  349.0  4.01808e-21
  350.0  4.47680e-21
  351.0  4.97962e-21
  352.0  5.48776e-21
  353.0  6.00054e-21
  354.0  6.54067e-21
  355.0  7.14172e-21
  356.0  7.83297e-21
  357.0  8.49139e-21
  358.0  9.06920e-21
  359.0  9.72014e-21
  360.0  1.04149e-20
  361.0  1.10857e-20
  362.0  1.17366e-20
  363.0  1.24148e-20
  364.0  1.31093e-20
  365.0  1.38045e-20
  366.0  1.44974e-20
  367.0  1.51847e-20
  368.0  1.59034e-20
  369.0  1.66259e-20
  370.0  1.73181e-20
  371.0  1.79388e-20
  372.0  1.85065e-20
  373.0  1.90441e-20
  374.0  1.96112e-20
  375.0  2.01669e-20
  376.0  2.06822e-20
  377.0  2.11430e-20
  378.0  2.15477e-20
  379.0  2.18858e-20
  380.0  2.21653e-20
  381.0  2.24191e-20
  382.0  2.26213e-20
  383.0  2.27483e-20
  384.0  2.27977e-20
  385.0  2.27458e-20
  386.0  2.26193e-20
  387.0  2.24416e-20
  388.0  2.22471e-20
  389.0  2.20901e-20
  390.0  2.19449e-20
  391.0  2.18027e-20
  392.0  2.16657e-20
  393.0  2.15269e-20
  394.0  2.13897e-20
  395.0  2.12628e-20
  396.0  2.11532e-20
  397.0  2.10689e-20
  398.0  2.10197e-20
  399.0  2.09802e-20
  400.0  2.09388e-20
  401.0  2.08851e-20
  402.0  2.08130e-20
  403.0  2.07242e-20
  404.0  2.06116e-20
  405.0  2.04735e-20
  406.0  2.03063e-20
  407.0  2.01147e-20
  408.0  1.99017e-20
  409.0  1.96777e-20
  410.0  1.94605e-20
  411.0  1.92274e-20
  412.0  1.89685e-20
  413.0  1.86800e-20
  414.0  1.83527e-20
  415.0  1.80020e-20
  416.0  1.76383e-20
  417.0  1.72806e-20
  418.0  1.69456e-20
  419.0  1.65997e-20
  420.0  1.62375e-20
  421.0  1.58304e-20
  422.0  1.54028e-20
  423.0  1.49852e-20
  424.0  1.46018e-20
  425.0  1.42727e-20
  426.0  1.39754e-20
  427.0  1.37090e-20
  428.0  1.34615e-20
  429.0  1.32335e-20
  430.0  1.30312e-20
  431.0  1.28531e-20
  432.0  1.26755e-20
  433.0  1.25129e-20
  434.0  1.23878e-20
  435.0  1.23101e-20
  436.0  1.22967e-20
  437.0  1.23345e-20
  438.0  1.24200e-20
  439.0  1.25453e-20
  440.0  1.26683e-20
  441.0  1.28065e-20
  442.0  1.29882e-20
  443.0  1.32219e-20
  444.0  1.35373e-20
  445.0  1.39131e-20
  446.0  1.43296e-20
  447.0  1.47515e-20
  448.0  1.51582e-20
  449.0  1.55786e-20
  450.0  1.60175e-20
  451.0  1.65032e-20
  452.0  1.69992e-20
  453.0  1.74801e-20
  454.0  1.78995e-20
  455.0  1.82657e-20
  456.0  1.85921e-20
  457.0  1.89001e-20
  458.0  1.92246e-20
  459.0  1.95354e-20
  460.0  1.98173e-20
  461.0  2.00723e-20
  462.0  2.03060e-20
  463.0  2.04956e-20
  464.0  2.06282e-20
  465.0  2.06997e-20
  466.0  2.06935e-20
  467.0  2.06303e-20
  468.0  2.05247e-20
  469.0  2.04019e-20
  470.0  2.02945e-20
  471.0  2.01746e-20
  472.0  2.00354e-20
  473.0  1.98801e-20
  474.0  1.97163e-20
  475.0  1.95321e-20
  476.0  1.93206e-20
  477.0  1.90821e-20
  478.0  1.88170e-20
  479.0  1.85256e-20
  480.0  1.82086e-20
  481.0  1.78809e-20
  482.0  1.75552e-20
  483.0  1.72019e-20
  484.0  1.68130e-20
  485.0  1.63858e-20
  486.0  1.59187e-20
  487.0  1.54374e-20
  488.0  1.49631e-20
  489.0  1.45144e-20
  490.0  1.40692e-20
  491.0  1.36277e-20
  492.0  1.32026e-20
  493.0  1.27734e-20
  494.0  1.23271e-20
  495.0  1.18587e-20
  496.0  1.13701e-20
  497.0  1.08655e-20
  498.0  1.03522e-20
  499.0  9.83977e-21
  500.0  9.34009e-21
  501.0  8.87182e-21
  502.0  8.47202e-21
  503.0  8.08467e-21
  504.0  7.67705e-21
  505.0  7.23744e-21
  506.0  6.80147e-21
  507.0  6.38853e-21
  508.0  5.99653e-21
  509.0  5.65416e-21
  510.0  5.33363e-21
  511.0  5.01291e-21
  512.0  4.67847e-21
  513.0  4.34465e-21
  514.0  4.01954e-21
  515.0  3.71569e-21
  516.0  3.42738e-21
  517.0  3.15721e-21
  518.0  2.91880e-21
  519.0  2.69594e-21
  520.0  2.48197e-21
  521.0  2.26948e-21
  522.0  2.06266e-21
  523.0  1.87104e-21
  524.0  1.70200e-21
  525.0  1.55354e-21
  526.0  1.41780e-21
  527.0  1.29158e-21
  528.0  1.17583e-21
  529.0  1.06565e-21
  530.0  9.59603e-22
  531.0  8.57655e-22
  532.0  7.62298e-22
  533.0  6.76558e-22
  534.0  6.01883e-22
  535.0  5.40692e-22
  536.0  4.84901e-22
  537.0  4.33082e-22
  538.0  3.83947e-22
  539.0  3.37876e-22
  540.0  2.96283e-22
  541.0  2.59518e-22
  542.0  2.28899e-22
  543.0  2.01250e-22
  544.0  1.75926e-22
  545.0  1.52997e-22
  546.0  1.32049e-22
  547.0  1.14149e-22
