    5.0  3.61167e-18
    6.0  4.21274e-18
    7.0  2.01428e-18
    8.0  1.81569e-18
    9.0  2.33696e-18
   10.0  2.94089e-18
   11.0  3.64147e-18
   12.0  4.32592e-18
   13.0  5.12695e-18
   14.0  5.84662e-18
   15.0  6.65417e-18
   16.0  7.48276e-18
   17.0  8.31029e-18
   18.0  9.10203e-18
   19.0  1.00650e-17
   20.0  1.08625e-17
   21.0  1.16392e-17
   22.0  1.24995e-17
   23.0  1.30503e-17
   24.0  1.36288e-17
   25.0  1.42568e-17
   26.0  1.49428e-17
   27.0  1.56295e-17
   28.0  1.63507e-17
   29.0  1.70461e-17
   30.0  1.79109e-17
   31.0  1.88450e-17
   32.0  1.97870e-17
   33.0  2.09502e-17
   34.0  2.22078e-17
   35.0  2.34189e-17
   36.0  2.47183e-17
   37.0  2.59880e-17
   38.0  2.71178e-17
   39.0  2.83736e-17
   40.0  2.96812e-17
   41.0  3.10671e-17
   42.0  3.23237e-17
   43.0  3.35507e-17
   44.0  3.46630e-17
   45.0  3.57956e-17
   46.0  3.68547e-17
   47.0  3.79655e-17
   48.0  3.90444e-17
   49.0  4.00806e-17
   50.0  4.13099e-17
   51.0  4.27734e-17
   52.0  4.40784e-17
   53.0  4.55440e-17
   54.0  4.72355e-17
   55.0  4.91271e-17
   56.0  5.08547e-17
   57.0  5.26220e-17
   58.0  5.44153e-17
   59.0  5.63517e-17
   60.0  5.83679e-17
   61.0  5.99292e-17
   62.0  6.13020e-17
   63.0  6.22897e-17
   64.0  6.25645e-17
   65.0  6.27897e-17
   66.0  6.31663e-17
   67.0  6.30049e-17
   68.0  6.26459e-17
   69.0  6.24467e-17
   70.0  6.04524e-17
   71.0  5.70078e-17
   72.0  5.39856e-17
   73.0  5.29118e-17
   74.0  5.22418e-17
   75.0  5.18493e-17
   76.0  5.06810e-17
   77.0  4.89900e-17
   78.0  4.71354e-17
   79.0  4.27847e-17
   80.0  4.26553e-17
   81.0  4.94326e-17
   82.0  5.06050e-17
   83.0  4.19377e-17
   84.0  3.79395e-17
   85.0  3.63095e-17
   86.0  3.54065e-17
   87.0  3.83944e-17
   88.0  4.32445e-17
   89.0  4.77134e-17
   90.0  5.12436e-17
   91.0  5.31700e-17
   92.0  5.39070e-17
   93.0  5.51533e-17
   94.0  5.53264e-17
   95.0  5.47129e-17
   96.0  5.12294e-17
   97.0  4.63770e-17
   98.0  4.12386e-17
   99.0  3.66672e-17
  100.0  3.30189e-17
  101.0  2.72718e-17
  102.0  2.07040e-17
  103.0  1.84935e-17
  104.0  1.97033e-17
  105.0  2.18979e-17
  106.0  1.83854e-17
  107.0  1.85688e-17
  108.0  1.43510e-17
  109.0  1.39340e-17
  110.0  1.71683e-17
  111.0  3.10514e-17
  112.0  3.50607e-17
  113.0  2.41111e-17
  114.0  2.16145e-17
  115.0  8.76907e-18
  116.0  8.89467e-18
  117.0  8.45542e-18
  118.0  1.15266e-17
  119.0  1.85376e-17
  120.0  2.92578e-17
  121.0  3.87626e-17
  122.0  4.01894e-17
  123.0  5.60504e-17
  124.0  8.43606e-17
  125.0  1.04587e-16
  126.0  9.00627e-17
  127.0  5.18351e-17
  128.0  2.59758e-17
  129.0  1.59076e-17
  130.0  1.20034e-17
  131.0  1.33332e-17
  132.0  1.01877e-17
  133.0  8.18832e-18
  134.0  3.92678e-18
  135.0  3.17191e-18
  136.0  3.09402e-18
  137.0  3.30637e-18
  138.0  3.51682e-18
  139.0  3.65739e-18
  140.0  3.60090e-18
  141.0  3.85711e-18
  142.0  3.95120e-18
  143.0  4.01145e-18
  144.0  4.36505e-18
  145.0  4.53700e-18
  146.0  4.67366e-18
  147.0  5.03592e-18
  148.0  5.45515e-18
  149.0  5.50275e-18
  150.0  5.23189e-18
  151.0  5.24686e-18
  152.0  4.80126e-18
  153.0  4.00826e-18
  154.0  3.83889e-18
  155.0  3.76015e-18
  156.0  2.62331e-18
  157.0  2.28270e-18
  158.0  1.95685e-18
  159.0  1.33977e-18
  160.0  1.05862e-18
  161.0  8.34051e-19
  162.0  6.09285e-19
  163.0  4.67256e-19
  164.0  3.72309e-19
  165.0  3.35635e-19
  166.0  3.01672e-19
  167.0  3.32749e-19
  168.0  3.69938e-19
  169.0  4.36486e-19
  170.0  5.38462e-19
  171.0  4.89200e-19
  172.0  5.50736e-19
  173.0  6.55718e-19
  174.0  7.67303e-19
  175.0  9.02453e-19
  176.0  1.13658e-18
  177.0  1.34941e-18
  178.0  1.53283e-18
  179.0  1.71561e-18
  180.0  1.85938e-18
  181.0  2.23895e-18
  182.0  2.63841e-18
  183.0  2.88008e-18
  184.0  3.03203e-18
  185.0  3.23747e-18
  186.0  3.55724e-18
  187.0  4.09597e-18
  188.0  4.35753e-18
  189.0  4.33031e-18
  190.0  5.27616e-18
  191.0  5.40649e-18
  192.0  5.03016e-18
  193.0  6.45725e-18
  194.0  6.41434e-18
  195.0  5.21085e-18
  196.0  7.39197e-18
  197.0  6.81765e-18
  198.0  5.25311e-18
  199.0  7.41154e-18
  200.0  6.48607e-18
  201.0  5.22024e-18
  202.0  7.14727e-18
  203.0  5.60871e-18
  204.0  4.40452e-18
  205.0  6.45550e-18
  206.0  4.19931e-18
  207.0  4.88186e-18
  208.0  4.74800e-18
  209.0  2.88512e-18
  210.0  4.97685e-18
  211.0  2.67206e-18
  212.0  3.55438e-18
  213.0  3.13153e-18
  214.0  2.36024e-18
  215.0  2.91142e-18
  216.0  1.51698e-18
  217.0  2.18969e-18
  218.0  1.49215e-18
  219.0  1.51083e-18
  220.0  1.13469e-18
  221.0  9.40009e-19
  222.0  8.64607e-19
  223.0  6.38566e-19
  224.0  6.25747e-19
  225.0  4.06637e-19
  226.0  3.95564e-19
  227.0  2.82984e-19
  228.0  2.45331e-19
  229.0  1.50985e-19
  230.0  1.62692e-19
  231.0  8.57971e-20
  232.0  8.42980e-20
  233.0  5.45304e-20
  234.0  4.84914e-20
  235.0  4.79511e-20
  236.0  3.90467e-20
  237.0  3.49493e-20
  238.0  3.72917e-20
  239.0  2.57840e-21
  240.0  8.48356e-21
  241.0  1.12546e-20
  242.0  1.32870e-20
  243.0  1.55366e-20
  244.0  2.80950e-20
  245.0  3.85827e-20
  246.0  3.89448e-20
  247.0  5.34358e-20
  248.0  5.90246e-20
  249.0  7.60876e-20
  250.0  8.48220e-20
  251.0  1.04916e-19
  252.0  1.02651e-19
  253.0  1.26101e-19
  254.0  1.40153e-19
  255.0  1.77793e-19
  256.0  1.58467e-19
  257.0  1.98030e-19
  258.0  2.14142e-19
  259.0  2.30966e-19
  260.0  2.55108e-19
  261.0  3.04470e-19
  262.0  3.09910e-19
  263.0  2.91418e-19
  264.0  3.60932e-19
  265.0  3.70955e-19
  266.0  4.24703e-19
  267.0  4.19637e-19
  268.0  4.83718e-19
  269.0  4.62802e-19
  270.0  4.86898e-19
  271.0  5.47336e-19
  272.0  5.93100e-19
  273.0  6.53742e-19
  274.0  5.91591e-19
  275.0  6.39610e-19
  276.0  6.56054e-19
  277.0  7.10431e-19
  278.0  7.23555e-19
  279.0  7.76538e-19
  280.0  7.65184e-19
  281.0  8.37429e-19
  282.0  7.07044e-19
  283.0  8.31716e-19
  284.0  7.50893e-19
  285.0  8.97298e-19
  286.0  8.06370e-19
  287.0  8.37156e-19
  288.0  8.14364e-19
  289.0  7.38308e-19
  290.0  8.52246e-19
  291.0  6.78459e-19
  292.0  8.36777e-19
  293.0  6.67541e-19
  294.0  8.17023e-19
  295.0  5.93298e-19
  296.0  7.48889e-19
  297.0  5.12125e-19
  298.0  7.06083e-19
  299.0  4.30063e-19
  300.0  6.74551e-19
  301.0  3.66614e-19
  302.0  6.14112e-19
  303.0  2.76737e-19
  304.0  5.40076e-19
  305.0  2.24786e-19
  306.0  4.50889e-19
  307.0  2.07601e-19
  308.0  3.44527e-19
  309.0  1.86732e-19
  310.0  2.40368e-19
  311.0  1.59550e-19
  312.0  1.46005e-19
  313.0  1.52163e-19
  314.0  9.48651e-20
  315.0  1.14076e-19
  316.0  7.41706e-20
  317.0  7.80000e-20
  318.0  5.89997e-20
  319.0  5.05874e-20
  320.0  3.93803e-20
  321.0  2.95953e-20
  322.0  2.70062e-20
  323.0  1.49837e-20
  324.0  1.50976e-20
  325.0  1.16278e-20
  326.0  7.30558e-21
  327.0  6.90856e-21
  328.0  5.02053e-21
  329.0  4.53807e-21
  330.0  3.42466e-21
  331.0  2.45158e-21
  332.0  2.15589e-21
  333.0  1.65282e-21
  334.0  1.31660e-21
  335.0  9.61892e-22
  336.0  7.70336e-22
  337.0  6.36809e-22
  338.0  4.75947e-22
  339.0  3.72843e-22
  340.0  3.03160e-22
  341.0  2.28232e-22
  342.0  2.10328e-22
  343.0  1.80466e-22
  344.0  1.69205e-22
  345.0  1.07978e-22
  346.0  1.41675e-22
  347.0  1.29748e-22
  348.0  9.37193e-23
  349.0  1.33909e-22
  350.0  9.70705e-23
  351.0  6.08144e-23
  352.0  1.18806e-22
  353.0  2.05316e-22
  354.0  6.24760e-23
  355.0  4.17672e-23
  356.0  5.13657e-23
  357.0  1.40065e-22
  358.0  1.60977e-22
  359.0  1.89852e-22
  360.0  6.44814e-23
  361.0  5.90241e-23
  362.0  1.56105e-22
  363.0  2.19117e-22
  364.0  9.37045e-23
  365.0  1.24323e-22
  366.0  5.06833e-23
  367.0  2.48326e-23
  368.0  5.92290e-23
  369.0  1.96210e-22
  370.0  3.20252e-22
  371.0  6.10840e-23
  372.0  4.77607e-23
  373.0  5.95576e-23
  374.0  1.81102e-22
  375.0  2.13917e-22
  376.0  5.49665e-23
  377.0  1.02264e-22
  378.0  3.79732e-23
  379.0  1.67397e-23
  380.0  2.26739e-23
  381.0  5.60063e-23
  382.0  2.24990e-22
  383.0  1.19519e-22
  384.0  2.25183e-23
  385.0  1.37131e-23
  386.0  2.33656e-23
  387.0  8.36843e-23
  388.0  1.58121e-22
  389.0  3.25038e-23
  390.0  1.22587e-23
  391.0  3.70796e-24
  392.0  2.69987e-24
  393.0  2.59980e-24
  394.0  5.90308e-24
  395.0  1.84960e-23
  396.0  3.08180e-23
  397.0  6.56985e-24
  398.0  2.08029e-24
  399.0  1.46439e-24
  400.0  3.22344e-24
  401.0  9.21282e-25
  402.0  3.92141e-25
  403.0  1.40923e-24
  404.0  3.80920e-24
  405.0  2.29835e-24
  406.0  2.93613e-24
  407.0  9.58668e-25
  408.0  2.39070e-25
  409.0  1.04590e-25
  410.0  4.88620e-26
  411.0  8.33013e-26
  412.0  2.03265e-25
  413.0  3.49543e-25
  414.0  3.73251e-25
  415.0  4.43492e-25
