  103.0  4.19300e-17
  104.0  4.37015e-17
  105.0  4.21495e-17
  106.0  3.58137e-17
  107.0  2.36367e-17
  108.0  2.96159e-17
  109.0  2.74783e-17
  110.0  2.27093e-17
  111.0  1.70585e-17
  112.0  1.21994e-17
  113.0  9.73000e-18
  114.0  7.49664e-18
  115.0  1.03358e-17
  116.0  9.66003e-17
  117.0  1.02162e-16
  118.0  1.01147e-16
  119.0  1.08462e-16
  120.0  1.31882e-16
  121.0  1.11900e-16
  122.0  1.36903e-16
  123.0  1.35067e-16
  124.0  1.60350e-16
  125.0  1.50412e-16
  126.0  1.65801e-16
  127.0  1.44726e-16
  128.0  9.05388e-17
  129.0  5.91491e-17
  130.0  5.19715e-17
  131.0  4.74085e-17
  132.0  3.42865e-17
  133.0  1.70782e-17
  134.0  1.35491e-17
  135.0  1.10856e-17
  136.0  8.62213e-18
  137.0  6.15867e-18
  138.0  3.69520e-18
  139.0  0.00000e+00
  140.0  0.00000e+00
  141.0  0.00000e+00
  142.0  0.00000e+00
  143.0  0.00000e+00
  144.0  0.00000e+00
  145.0  0.00000e+00
  146.0  0.00000e+00
  147.0  0.00000e+00
  148.0  0.00000e+00
  149.0  0.00000e+00
  150.0  0.00000e+00
  151.0  0.00000e+00
  152.0  0.00000e+00
  153.0  0.00000e+00
  154.0  0.00000e+00
  155.0  0.00000e+00
  156.0  0.00000e+00
  157.0  0.00000e+00
  158.0  0.00000e+00
  159.0  0.00000e+00
  160.0  0.00000e+00
  161.0  0.00000e+00
  162.0  0.00000e+00
  163.0  0.00000e+00
  164.0  0.00000e+00
  165.0  0.00000e+00
  166.0  0.00000e+00
  167.0  0.00000e+00
  168.0  0.00000e+00
  169.0  0.00000e+00
  170.0  0.00000e+00
  171.0  0.00000e+00
  172.0  0.00000e+00
  173.0  0.00000e+00
  174.0  0.00000e+00
  175.0  0.00000e+00
  176.0  0.00000e+00
  177.0  0.00000e+00
  178.0  0.00000e+00
  179.0  0.00000e+00
  180.0  0.00000e+00
  181.0  1.76075e-18
  182.0  2.93458e-18
  183.0  4.10842e-18
  184.0  5.28225e-18
  185.0  6.45608e-18
  186.0  7.62992e-18
  187.0  8.80375e-18
  188.0  9.97758e-18
  189.0  1.11514e-17
  190.0  9.98858e-18
  191.0  1.00879e-17
  192.0  9.54777e-18
  193.0  1.06839e-17
  194.0  1.24612e-17
  195.0  1.09471e-17
  196.0  1.26134e-17
  197.0  1.32424e-17
  198.0  1.31523e-17
  199.0  1.43446e-17
  200.0  1.46061e-17
  201.0  1.62434e-17
  202.0  1.13248e-17
  203.0  1.73844e-17
  204.0  7.79235e-18
  205.0  1.37336e-17
  206.0  6.08482e-18
  207.0  1.02726e-17
  208.0  6.39867e-18
  209.0  7.34860e-18
  210.0  6.23675e-18
  211.0  3.19276e-18
  212.0  7.97364e-18
  213.0  2.52291e-18
  214.0  6.43194e-18
  215.0  2.57969e-18
  216.0  1.40617e-18
  217.0  4.77358e-18
  218.0  1.00951e-18
  219.0  2.60038e-18
  220.0  2.23095e-18
  221.0  8.53011e-19
  222.0  2.51863e-18
  223.0  9.65978e-19
  224.0  3.26607e-19
  225.0  1.23649e-18
  226.0  3.80496e-19
  227.0  7.13854e-19
  228.0  1.02298e-18
  229.0  8.11833e-19
  230.0  7.98283e-19
  231.0  1.03064e-18
  232.0  6.42665e-19
  233.0  5.47717e-19
