   1.0  9.62255e+06
   2.0  2.38031e+08
   3.0  2.17501e+08
   4.0  4.19800e+08
   5.0  9.72298e+08
   6.0  1.00927e+09
   7.0  1.26188e+09
   8.0  8.70517e+08
   9.0  1.14208e+09
  10.0  4.47220e+08
  11.0  3.53623e+08
  12.0  2.41830e+08
  13.0  2.51474e+08
  14.0  8.04017e+08
  15.0  9.37995e+08
  16.0  1.57584e+09
  17.0  7.25331e+09
  18.0  3.54530e+09
  19.0  3.61793e+09
  20.0  1.75992e+09
  21.0  1.38615e+09
  22.0  2.33570e+09
  23.0  1.25237e+09
  24.0  3.19384e+09
  25.0  5.37303e+09
  26.0  1.68367e+09
  27.0  3.24104e+09
  28.0  3.58148e+09
  29.0  1.30901e+09
  30.0  3.25628e+10
  31.0  5.79768e+09
  32.0  6.50443e+09
  33.0  6.59282e+09
  34.0  3.69966e+09
  35.0  3.15717e+09
  36.0  4.39358e+09
  37.0  9.48263e+08
  38.0  4.17468e+08
  39.0  4.02197e+08
  40.0  6.91592e+08
  41.0  9.58946e+08
  42.0  3.72821e+08
  43.0  8.13797e+08
  44.0  3.57046e+08
  45.0  3.71102e+08
  46.0  1.34625e+09
  47.0  5.56147e+08
  48.0  9.53191e+08
  49.0  2.77615e+09
  50.0  1.46300e+09
  51.0  5.04015e+08
  52.0  7.48688e+08
  53.0  6.79894e+08
  54.0  4.64409e+08
  55.0  2.10227e+09
  56.0  6.39686e+08
  57.0  6.34570e+08
  58.0  3.60995e+09
  59.0  8.10299e+08
  60.0  2.88850e+09
  61.0  1.05362e+09
  62.0  4.53689e+09
  63.0  1.13870e+09
  64.0  2.77111e+08
  65.0  2.14124e+08
  66.0  2.00015e+08
  67.0  2.05774e+08
  68.0  7.14498e+08
  69.0  5.25530e+08
  70.0  1.45062e+09
  71.0  6.35210e+08
  72.0  4.64484e+08
  73.0  6.13545e+08
  74.0  7.66329e+08
  75.0  1.21140e+09
  76.0  3.14032e+09
  77.0  2.66703e+09
  78.0  4.05168e+09
  79.0  1.96517e+09
  80.0  1.97461e+09
  81.0  2.27153e+09
  82.0  3.39842e+09
  83.0  6.06097e+09
  84.0  4.32212e+09
  85.0  4.87052e+09
  86.0  5.22295e+09
  87.0  6.28891e+09
  88.0  7.27023e+09
  89.0  8.94213e+09
  90.0  1.06746e+10
  91.0  8.29444e+09
  92.0  2.97835e+09
  93.0  2.65909e+09
  94.0  1.91161e+09
  95.0  1.15875e+09
  96.0  1.21746e+09
  97.0  2.16644e+10
  98.0  2.52436e+09
  99.0  3.93470e+09
 100.0  1.61375e+09
 101.0  1.88363e+09
 102.0  1.66705e+10
 103.0  1.74269e+10
 104.0  2.67617e+09
 105.0  2.28725e+09
 106.0  2.20123e+09
 107.0  2.36015e+09
 108.0  3.98661e+09
 109.0  2.70675e+09
 110.0  2.91351e+09
 111.0  2.82903e+09
 112.0  2.93958e+09
 113.0  2.44997e+09
 114.0  1.67262e+09
 115.0  2.79117e+12
 116.0  1.52877e+12
 117.0  1.26076e+12
 118.0  9.20019e+11
 119.0  5.94768e+11
 120.0  9.28896e+11
 121.0  4.84215e+12
 122.0  1.05866e+12
 123.0  4.47797e+11
 124.0  4.82401e+11
 125.0  4.13718e+11
 126.0  4.25489e+11
 127.0  4.72310e+11
 128.0  4.73405e+11
 129.0  5.82140e+11
 130.0  5.19680e+11
 131.0  4.72081e+11
 132.0  4.93089e+11
 133.0  7.90753e+11
 134.0  5.65388e+11
 135.0  5.90918e+11
 136.0  7.14661e+11
 137.0  6.57953e+11
 138.0  8.07952e+11
 139.0  9.23860e+11
 140.0  8.77986e+11
 141.0  8.69969e+11
 142.0  1.00001e+12
 143.0  1.02480e+12
 144.0  1.10716e+12
 145.0  1.23798e+12
 146.0  1.47975e+12
 147.0  1.42810e+12
 148.0  1.51547e+12
 149.0  1.71802e+12
 150.0  1.52695e+12
 151.0  1.68131e+12
 152.0  1.76494e+12
 153.0  1.94158e+12
 154.0  2.25461e+12
 155.0  2.31746e+12
 156.0  2.50409e+12
 157.0  2.54111e+12
 158.0  2.83614e+12
 159.0  2.78142e+12
 160.0  2.95691e+12
 161.0  3.13882e+12
 162.0  3.50982e+12
 163.0  3.69781e+12
 164.0  4.16622e+12
 165.0  4.12027e+12
 166.0  4.85090e+12
 167.0  5.37429e+12
 168.0  6.43838e+12
 169.0  9.10897e+12
 170.0  1.57186e+13
 171.0  2.35878e+13
 172.0  2.37420e+13
 173.0  2.76325e+13
 174.0  3.09818e+13
 175.0  3.85195e+13
 176.0  3.53784e+13
 177.0  4.65340e+13
 178.0  4.78696e+13
 179.0  5.06123e+13
 180.0  4.57843e+13
 181.0  5.21086e+13
 182.0  5.65361e+13
 183.0  5.58362e+13
 184.0  4.48337e+13
 185.0  4.89451e+13
 186.0  6.61156e+13
 187.0  6.85146e+13
 188.0  7.94045e+13
 189.0  7.85655e+13
 190.0  7.40488e+13
 191.0  8.20969e+13
 192.0  7.63865e+13
 193.0  5.47570e+13
 194.0  8.61751e+13
 195.0  8.99600e+13
 196.0  8.65085e+13
 197.0  8.62250e+13
 198.0  1.05578e+14
 199.0  9.94935e+13
 200.0  1.06726e+14
 201.0  1.15178e+14
 202.0  1.17771e+14
 203.0  1.27173e+14
 204.0  1.51579e+14
 205.0  1.52833e+14
 206.0  1.50793e+14
 207.0  1.87596e+14
 208.0  1.93584e+14
 209.0  1.83173e+14
 210.0  1.81574e+14
 211.0  1.73376e+14
 212.0  1.78048e+14
 213.0  1.41807e+14
 214.0  1.87920e+14
 215.0  1.90965e+14
 216.0  1.60176e+14
 217.0  1.67112e+14
 218.0  1.98472e+14
 219.0  2.09280e+14
 220.0  2.12361e+14
 221.0  1.54556e+14
 222.0  2.08322e+14
 223.0  2.18785e+14
 224.0  2.13872e+14
 225.0  1.52832e+14
 226.0  1.93695e+14
 227.0  1.49737e+14
 228.0  2.22719e+14
 229.0  1.88510e+14
 230.0  1.90396e+14
 231.0  2.03742e+14
 232.0  1.86285e+14
 233.0  1.41252e+14
 234.0  6.45263e+13
 235.0  1.59689e+14
 236.0  1.19413e+14
 237.0  1.54771e+14
 238.0  9.39375e+13
 239.0  1.09310e+14
 240.0  1.06488e+14
 241.0  1.10286e+14
 242.0  2.21692e+14
 243.0  2.02793e+14
 244.0  2.05419e+14
 245.0  1.81194e+14
 246.0  1.67072e+14
 247.0  1.92113e+14
 248.0  1.72956e+14
 249.0  1.70367e+14
 250.0  2.27797e+14
 251.0  1.65303e+14
 252.0  1.27798e+14
 253.0  1.54507e+14
 254.0  1.48448e+14
 255.0  2.07857e+14
 256.0  2.25008e+14
 257.0  2.79336e+14
 258.0  2.61480e+14
 259.0  2.60639e+14
 260.0  2.04579e+14
 261.0  1.86990e+14
 262.0  2.58541e+14
 263.0  2.84726e+14
 264.0  4.49460e+14
 265.0  4.50598e+14
 266.0  3.85990e+14
 267.0  3.80419e+14
 268.0  3.95741e+14
 269.0  3.91831e+14
 270.0  4.03945e+14
 271.0  3.80639e+14
 272.0  3.78550e+14
 273.0  3.75613e+14
 274.0  2.71673e+14
 275.0  2.89999e+14
 276.0  3.75075e+14
 277.0  4.01232e+14
 278.0  3.27903e+14
 279.0  1.24134e+14
 280.0  1.25624e+14
 281.0  3.88800e+14
 282.0  4.83118e+14
 283.0  4.67040e+14
 284.0  4.17335e+14
 285.0  3.63842e+14
 286.0  4.75039e+14
 287.0  4.67251e+14
 288.0  4.56858e+14
 289.0  4.72233e+14
 290.0  5.84991e+14
 291.0  6.21921e+14
 292.0  6.23397e+14
 293.0  5.75861e+14
 294.0  5.68788e+14
 295.0  5.72497e+14
 296.0  5.89817e+14
 297.0  6.19974e+14
 298.0  6.32431e+14
 299.0  6.37265e+14
 300.0  6.53691e+14
 301.0  6.75373e+14
 302.0  6.77396e+14
 303.0  6.67914e+14
 304.0  6.76411e+14
 305.0  6.93165e+14
 306.0  7.00834e+14
 307.0  7.05155e+14
 308.0  7.13448e+14
 309.0  7.23293e+14
 310.0  7.25597e+14
 311.0  7.23332e+14
 312.0  7.22757e+14
 313.0  7.21780e+14
 314.0  7.21552e+14
 315.0  7.21694e+14
 316.0  7.33810e+14
 317.0  7.54135e+14
 318.0  7.31962e+14
 319.0  6.83874e+14
 320.0  6.98318e+14
 321.0  7.46222e+14
 322.0  7.23889e+14
 323.0  6.65446e+14
 324.0  6.93635e+14
 325.0  7.68101e+14
 326.0  8.06716e+14
 327.0  8.36752e+14
 328.0  8.41278e+14
 329.0  8.25697e+14
 330.0  8.35232e+14
 331.0  8.54929e+14
 332.0  8.57474e+14
 333.0  8.51874e+14
 334.0  8.53373e+14
 335.0  8.56915e+14
 336.0  8.33553e+14
 337.0  7.92735e+14
 338.0  8.01252e+14
 339.0  8.37157e+14
 340.0  8.42708e+14
 341.0  8.37022e+14
 342.0  8.40068e+14
 343.0  8.45214e+14
 344.0  8.64041e+14
 345.0  8.73685e+14
 346.0  8.77661e+14
 347.0  8.78677e+14
 348.0  8.98716e+14
 349.0  9.09259e+14
 350.0  9.26369e+14
 351.0  9.33267e+14
 352.0  9.24706e+14
 353.0  9.02281e+14
 354.0  9.33346e+14
 355.0  9.95798e+14
 356.0  9.69860e+14
 357.0  8.94917e+14
 358.0  8.77491e+14
 359.0  8.82321e+14
 360.0  8.92440e+14
 361.0  9.13625e+14
 362.0  9.19437e+14
 363.0  9.18617e+14
 364.0  9.38896e+14
 365.0  1.02346e+15
 366.0  1.04172e+15
 367.0  9.93138e+14
 368.0  9.67048e+14
 369.0  9.33595e+14
 370.0  9.55743e+14
 371.0  1.01288e+15
 372.0  1.00376e+15
 373.0  9.61795e+14
 374.0  9.96302e+14
 375.0  1.07126e+15
 376.0  1.11884e+15
 377.0  1.16158e+15
 378.0  1.21399e+15
 379.0  1.27129e+15
 380.0  1.32725e+15
 381.0  1.38394e+15
 382.0  1.28542e+15
 383.0  1.08260e+15
 384.0  1.17677e+15
 385.0  1.43587e+15
 386.0  1.50503e+15
 387.0  1.50179e+15
 388.0  1.41425e+15
 389.0  1.24554e+15
 390.0  1.30343e+15
 391.0  1.48658e+15
 392.0  1.29089e+15
 393.0  8.82263e+14
 394.0  9.71485e+14
 395.0  1.32426e+15
 396.0  1.23095e+15
 397.0  9.26000e+14
 398.0  1.12736e+15
 399.0  1.59839e+15
 400.0  1.71969e+15
 401.0  1.69630e+15
 402.0  1.71911e+15
 403.0  1.72432e+15
 404.0  1.71992e+15
 405.0  1.70313e+15
 406.0  1.68364e+15
 407.0  1.67967e+15
 408.0  1.66808e+15
 409.0  1.66788e+15
 410.0  1.54416e+15
 411.0  1.49150e+15
 412.0  1.66037e+15
 413.0  1.75651e+15
 414.0  1.81157e+15
 415.0  1.81551e+15
 416.0  1.81603e+15
 417.0  1.81399e+15
 418.0  1.80937e+15
 419.0  1.80215e+15
 420.0  1.80000e+15
 421.0  1.80039e+15
 422.0  1.78327e+15
 423.0  1.75522e+15
 424.0  1.76500e+15
 425.0  1.79657e+15
 426.0  1.78465e+15
 427.0  1.75080e+15
 428.0  1.73242e+15
 429.0  1.71708e+15
 430.0  1.65919e+15
 431.0  1.57371e+15
 432.0  1.59075e+15
 433.0  1.66747e+15
 434.0  1.62897e+15
 435.0  1.53302e+15
 436.0  1.64144e+15
 437.0  1.86801e+15
 438.0  1.88851e+15
 439.0  1.81013e+15
 440.0  1.81394e+15
 441.0  1.83978e+15
 442.0  1.84256e+15
 443.0  1.83723e+15
 444.0  1.83998e+15
 445.0  1.84544e+15
 446.0  1.86258e+15
 447.0  1.88849e+15
 448.0  1.88803e+15
 449.0  1.87278e+15
 450.0  1.91665e+15
 451.0  1.99530e+15
 452.0  1.96691e+15
 453.0  1.87824e+15
 454.0  1.87073e+15
 455.0  1.89753e+15
 456.0  1.93303e+15
 457.0  1.98593e+15
 458.0  1.96596e+15
 459.0  1.90285e+15
 460.0  1.90891e+15
 461.0  1.94698e+15
 462.0  1.94216e+15
 463.0  1.91925e+15
 464.0  1.92307e+15
 465.0  1.93878e+15
 466.0  1.95369e+15
 467.0  1.97205e+15
 468.0  1.95272e+15
 469.0  1.94386e+15
 470.0  1.88902e+15
 471.0  1.86948e+15
 472.0  1.92513e+15
 473.0  1.96026e+15
 474.0  1.97749e+15
 475.0  1.98003e+15
 476.0  1.96894e+15
 477.0  1.96505e+15
 478.0  1.95967e+15
 479.0  1.96155e+15
 480.0  1.95537e+15
 481.0  1.94623e+15
 482.0  1.94730e+15
 483.0  1.95424e+15
 484.0  1.88578e+15
 485.0  1.76862e+15
 486.0  1.65215e+15
 487.0  1.51978e+15
 488.0  1.62354e+15
 489.0  1.88066e+15
 490.0  1.93337e+15
 491.0  1.90023e+15
 492.0  1.89657e+15
 493.0  1.88389e+15
 494.0  1.89820e+15
 495.0  1.92760e+15
 496.0  1.94504e+15
 497.0  1.95950e+15
 498.0  1.92462e+15
 499.0  1.85559e+15
 500.0  1.82702e+15
 501.0  1.81418e+15
 502.0  1.83914e+15
 503.0  1.89479e+15
 504.0  1.90312e+15
 505.0  1.88996e+15
 506.0  1.90691e+15
 507.0  1.93685e+15
 508.0  1.93075e+15
 509.0  1.90479e+15
 510.0  1.90818e+15
 511.0  1.92463e+15
 512.0  1.91123e+15
 513.0  1.88217e+15
 514.0  1.86454e+15
 515.0  1.84934e+15
 516.0  1.82434e+15
 517.0  1.79356e+15
 518.0  1.78440e+15
 519.0  1.78781e+15
 520.0  1.80862e+15
 521.0  1.84533e+15
 522.0  1.85995e+15
 523.0  1.86507e+15
 524.0  1.88071e+15
 525.0  1.90023e+15
 526.0  1.85264e+15
 527.0  1.76127e+15
 528.0  1.78577e+15
 529.0  1.87340e+15
 530.0  1.89495e+15
 531.0  1.89333e+15
 532.0  1.86354e+15
 533.0  1.80706e+15
 534.0  1.82405e+15
 535.0  1.88143e+15
 536.0  1.88850e+15
 537.0  1.87534e+15
 538.0  1.87226e+15
 539.0  1.86916e+15
 540.0  1.85027e+15
 541.0  1.82077e+15
 542.0  1.82806e+15
 543.0  1.85649e+15
 544.0  1.86848e+15
 545.0  1.87652e+15
 546.0  1.87064e+15
 547.0  1.85408e+15
 548.0  1.85977e+15
 549.0  1.87682e+15
 550.0  1.87619e+15
 551.0  1.86752e+15
 552.0  1.86383e+15
 553.0  1.86079e+15
 554.0  1.86244e+15
 555.0  1.86746e+15
 556.0  1.85559e+15
 557.0  1.83350e+15
 558.0  1.82659e+15
 559.0  1.82644e+15
 560.0  1.83308e+15
 561.0  1.84655e+15
 562.0  1.85067e+15
 563.0  1.85308e+15
 564.0  1.85634e+15
 565.0  1.85960e+15
 566.0  1.83449e+15
 567.0  1.82478e+15
 568.0  1.83488e+15
 569.0  1.84499e+15
 570.0  1.82812e+15
 571.0  1.82089e+15
 572.0  1.86228e+15
 573.0  1.88570e+15
 574.0  1.86385e+15
 575.0  1.85030e+15
 576.0  1.85087e+15
 577.0  1.85668e+15
 578.0  1.84828e+15
 579.0  1.83211e+15
 580.0  1.83665e+15
 581.0  1.85250e+15
 582.0  1.85743e+15
 583.0  1.85882e+15
 584.0  1.85134e+15
 585.0  1.83671e+15
 586.0  1.83093e+15
 587.0  1.82868e+15
 588.0  1.81390e+15
 589.0  1.79192e+15
 590.0  1.80031e+15
 591.0  1.82667e+15
 592.0  1.82794e+15
 593.0  1.81839e+15
 594.0  1.81963e+15
 595.0  1.82447e+15
 596.0  1.82208e+15
 597.0  1.81605e+15
 598.0  1.81180e+15
 599.0  1.80753e+15
 600.0  1.79667e+15
 601.0  1.78139e+15
 602.0  1.78031e+15
 603.0  1.78727e+15
 604.0  1.79571e+15
 605.0  1.80785e+15
 606.0  1.80713e+15
 607.0  1.79903e+15
 608.0  1.78905e+15
 609.0  1.77532e+15
 610.0  1.76895e+15
 611.0  1.76626e+15
 612.0  1.74943e+15
 613.0  1.72434e+15
 614.0  1.72117e+15
 615.0  1.72992e+15
 616.0  1.72710e+15
 617.0  1.72052e+15
 618.0  1.73379e+15
 619.0  1.75913e+15
 620.0  1.76609e+15
 621.0  1.76477e+15
 622.0  1.75512e+15
 623.0  1.73711e+15
 624.0  1.71866e+15
 625.0  1.69711e+15
 626.0  1.71120e+15
 627.0  1.74818e+15
 628.0  1.75095e+15
 629.0  1.73844e+15
 630.0  1.72779e+15
 631.0  1.71327e+15
 632.0  1.71213e+15
 633.0  1.71866e+15
 634.0  1.71558e+15
 635.0  1.70862e+15
 636.0  1.70936e+15
 637.0  1.71396e+15
 638.0  1.71663e+15
 639.0  1.71930e+15
 640.0  1.70332e+15
 641.0  1.67483e+15
 642.0  1.67119e+15
 643.0  1.68002e+15
 644.0  1.67675e+15
 645.0  1.66954e+15
 646.0  1.67015e+15
 647.0  1.67468e+15
 648.0  1.66545e+15
 649.0  1.64830e+15
 650.0  1.65279e+15
 651.0  1.66915e+15
 652.0  1.66180e+15
 653.0  1.64253e+15
 654.0  1.59461e+15
 655.0  1.52348e+15
 656.0  1.41231e+15
 657.0  1.26650e+15
 658.0  1.35907e+15
 659.0  1.59991e+15
 660.0  1.65920e+15
 661.0  1.64645e+15
 662.0  1.65415e+15
 663.0  1.65139e+15
 664.0  1.65145e+15
 665.0  1.64988e+15
 666.0  1.64547e+15
 667.0  1.63861e+15
 668.0  1.64146e+15
 669.0  1.64999e+15
 670.0  1.64593e+15
 671.0  1.63534e+15
 672.0  1.63531e+15
 673.0  1.64018e+15
 674.0  1.63523e+15
 675.0  1.62535e+15
 676.0  1.62405e+15
 677.0  1.62685e+15
 678.0  1.62512e+15
 679.0  1.62173e+15
 680.0  1.61791e+15
 681.0  1.61325e+15
 682.0  1.61146e+15
 683.0  1.61132e+15
 684.0  1.60412e+15
 685.0  1.59273e+15
 686.0  1.59462e+15
 687.0  1.60401e+15
 688.0  1.59986e+15
 689.0  1.59862e+15
 690.0  1.59338e+15
 691.0  1.59316e+15
 692.0  1.58789e+15
 693.0  1.58765e+15
 694.0  1.58466e+15
 695.0  1.58545e+15
 696.0  1.58033e+15
 697.0  1.57983e+15
 698.0  1.57679e+15
 699.0  1.57755e+15
 700.0  1.55601e+15
 701.0  1.54801e+15
 702.0  1.55276e+15
 703.0  1.55922e+15
 704.0  1.56099e+15
 705.0  1.56020e+15
 706.0  1.55811e+15
 707.0  1.55430e+15
 708.0  1.55133e+15
 709.0  1.54835e+15
 710.0  1.54147e+15
 711.0  1.53198e+15
 712.0  1.52894e+15
 713.0  1.52934e+15
 714.0  1.52670e+15
 715.0  1.52319e+15
 716.0  1.52009e+15
 717.0  1.51698e+15
 718.0  1.50994e+15
 719.0  1.50025e+15
 720.0  1.50232e+15
 721.0  1.51139e+15
 722.0  1.51041e+15
 723.0  1.50503e+15
 724.0  1.50446e+15
 725.0  1.50565e+15
 726.0  1.50595e+15
 727.0  1.50625e+15
 728.0  1.49594e+15
 729.0  1.47853e+15
 730.0  1.47789e+15
 731.0  1.48610e+15
 732.0  1.48590e+15
 733.0  1.48303e+15
 734.0  1.48415e+15
 735.0  1.48705e+15
 736.0  1.48638e+15
 737.0  1.48391e+15
 738.0  1.47562e+15
 739.0  1.46282e+15
 740.0  1.45087e+15
 741.0  1.43799e+15
 742.0  1.44037e+15
 743.0  1.45266e+15
 744.0  1.45595e+15
 745.0  1.45654e+15
 746.0  1.45577e+15
 747.0  1.45318e+15
 748.0  1.45012e+15
 749.0  1.44614e+15
 750.0  1.44397e+15
 751.0  1.44269e+15
 752.0  1.44232e+15
 753.0  1.44286e+15
 754.0  1.44430e+15
 755.0  1.44666e+15
 756.0  1.44307e+15
 757.0  1.43578e+15
 758.0  1.43307e+15
 759.0  1.43219e+15
 760.0  1.42899e+15
 761.0  1.42486e+15
 762.0  1.42395e+15
 763.0  1.42488e+15
 764.0  1.42211e+15
 765.0  1.41746e+15
 766.0  1.40816e+15
 767.0  1.39510e+15
 768.0  1.39644e+15
 769.0  1.40617e+15
 770.0  1.40332e+15
 771.0  1.39485e+15
 772.0  1.39478e+15
 773.0  1.39845e+15
 774.0  1.39461e+15
 775.0  1.38700e+15
 776.0  1.38126e+15
 777.0  1.37549e+15
 778.0  1.38102e+15
 779.0  1.39412e+15
 780.0  1.39353e+15
 781.0  1.38631e+15
 782.0  1.38096e+15
 783.0  1.37465e+15
 784.0  1.36879e+15
 785.0  1.36291e+15
 786.0  1.36416e+15
 787.0  1.37018e+15
 788.0  1.36952e+15
 789.0  1.36598e+15
 790.0  1.36244e+15
 791.0  1.35792e+15
 792.0  1.35098e+15
 793.0  1.34210e+15
 794.0  1.33993e+15
 795.0  1.34161e+15
 796.0  1.34570e+15
 797.0  1.35269e+15
 798.0  1.35245e+15
 799.0  1.34832e+15
 800.0  1.34321e+15
 801.0  1.33614e+15
 802.0  1.33439e+15
 803.0  1.33556e+15
 804.0  1.33234e+15
 805.0  1.32715e+15
 806.0  1.32733e+15
 807.0  1.33043e+15
 808.0  1.32619e+15
 809.0  1.31802e+15
 810.0  1.31767e+15
 811.0  1.32125e+15
 812.0  1.32017e+15
 813.0  1.32055e+15
 814.0  1.31649e+15
 815.0  1.31588e+15
 816.0  1.31155e+15
 817.0  1.31116e+15
 818.0  1.29045e+15
 819.0  1.28259e+15
 820.0  1.28216e+15
 821.0  1.28570e+15
 822.0  1.28178e+15
 823.0  1.28083e+15
 824.0  1.28188e+15
 825.0  1.28393e+15
 826.0  1.28823e+15
 827.0  1.29103e+15
 828.0  1.28731e+15
 829.0  1.28609e+15
 830.0  1.27607e+15
 831.0  1.27306e+15
 832.0  1.25971e+15
 833.0  1.25592e+15
 834.0  1.25792e+15
 835.0  1.26701e+15
 836.0  1.26801e+15
 837.0  1.26597e+15
 838.0  1.25935e+15
 839.0  1.24864e+15
 840.0  1.24910e+15
 841.0  1.25568e+15
 842.0  1.25155e+15
 843.0  1.24230e+15
 844.0  1.23712e+15
 845.0  1.23294e+15
 846.0  1.22824e+15
 847.0  1.22353e+15
 848.0  1.22496e+15
 849.0  1.23051e+15
 850.0  1.21238e+15
 851.0  1.17977e+15
 852.0  1.19302e+15
 853.0  1.23214e+15
 854.0  1.20408e+15
 855.0  1.13969e+15
 856.0  1.16488e+15
 857.0  1.23789e+15
 858.0  1.23568e+15
 859.0  1.19912e+15
 860.0  1.19061e+15
 861.0  1.18938e+15
 862.0  1.20172e+15
 863.0  1.22559e+15
 864.0  1.22491e+15
 865.0  1.21164e+15
 866.0  1.16529e+15
 867.0  1.09256e+15
 868.0  1.11485e+15
 869.0  1.19194e+15
 870.0  1.21175e+15
 871.0  1.21155e+15
 872.0  1.20871e+15
 873.0  1.19740e+15
 874.0  1.16487e+15
 875.0  1.11531e+15
 876.0  1.13144e+15
 877.0  1.18585e+15
 878.0  1.20049e+15
 879.0  1.20132e+15
 880.0  1.19788e+15
 881.0  1.18696e+15
 882.0  1.18296e+15
 883.0  1.18108e+15
 884.0  1.17009e+15
 885.0  1.15372e+15
 886.0  1.12227e+15
 887.0  1.07894e+15
 888.0  1.10597e+15
 889.0  1.17614e+15
 890.0  1.18931e+15
 891.0  1.17877e+15
 892.0  1.17522e+15
 893.0  1.16841e+15
 894.0  1.16972e+15
 895.0  1.17535e+15
 896.0  1.17395e+15
 897.0  1.16927e+15
 898.0  1.16459e+15
 899.0  1.15880e+15
 900.0  1.11756e+15
