   1.0  1.56013e+06
   2.0  3.85925e+07
   3.0  3.52641e+07
   4.0  6.80632e+07
   5.0  1.57641e+08
   6.0  1.63636e+08
   7.0  2.04592e+08
   8.0  1.41139e+08
   9.0  1.85169e+08
  10.0  7.25089e+07
  11.0  5.73338e+07
  12.0  3.92085e+07
  13.0  4.07721e+07
  14.0  1.30357e+08
  15.0  1.52080e+08
  16.0  2.55495e+08
  17.0  1.17600e+09
  18.0  5.74808e+08
  19.0  5.86584e+08
  20.0  2.85340e+08
  21.0  2.24741e+08
  22.0  3.78693e+08
  23.0  2.03049e+08
  24.0  5.17825e+08
  25.0  8.71143e+08
  26.0  2.72979e+08
  27.0  5.25479e+08
  28.0  5.80675e+08
  29.0  2.12233e+08
  30.0  5.27949e+09
  31.0  9.39993e+08
  32.0  1.05458e+09
  33.0  1.06891e+09
  34.0  5.99836e+08
  35.0  5.11880e+08
  36.0  7.12343e+08
  37.0  1.53744e+08
  38.0  6.76851e+07
  39.0  6.52092e+07
  40.0  1.12130e+08
  41.0  1.55476e+08
  42.0  6.04464e+07
  43.0  1.31943e+08
  44.0  5.78888e+07
  45.0  6.01677e+07
  46.0  2.18271e+08
  47.0  9.01696e+07
  48.0  1.54543e+08
  49.0  4.50104e+08
  50.0  2.37200e+08
  51.0  8.17173e+07
  52.0  1.21387e+08
  53.0  1.10233e+08
  54.0  7.52958e+07
  55.0  3.40847e+08
  56.0  1.03714e+08
  57.0  1.02885e+08
  58.0  5.85291e+08
  59.0  1.31376e+08
  60.0  4.68319e+08
  61.0  1.70826e+08
  62.0  7.35578e+08
  63.0  1.84620e+08
  64.0  4.49287e+07
  65.0  3.47164e+07
  66.0  3.24290e+07
  67.0  3.33626e+07
  68.0  1.15843e+08
  69.0  8.52055e+07
  70.0  2.35193e+08
  71.0  1.02988e+08
  72.0  7.53080e+07
  73.0  9.94756e+07
  74.0  1.24247e+08
  75.0  1.96408e+08
  76.0  5.09148e+08
  77.0  4.32413e+08
  78.0  6.56910e+08
  79.0  3.18618e+08
  80.0  3.20149e+08
  81.0  3.68289e+08
  82.0  5.50994e+08
  83.0  9.82681e+08
  84.0  7.00756e+08
  85.0  7.89670e+08
  86.0  8.46811e+08
  87.0  1.01964e+09
  88.0  1.17874e+09
  89.0  1.44981e+09
  90.0  1.73070e+09
  91.0  1.34480e+09
  92.0  4.82888e+08
  93.0  4.31126e+08
  94.0  3.09934e+08
  95.0  1.87871e+08
  96.0  1.97390e+08
  97.0  3.51250e+09
  98.0  4.09282e+08
  99.0  6.37944e+08
 100.0  2.61642e+08
 101.0  3.05397e+08
 102.0  2.70283e+09
 103.0  2.82547e+09
 104.0  4.33895e+08
 105.0  3.70838e+08
 106.0  3.56891e+08
 107.0  3.82657e+08
 108.0  6.46360e+08
 109.0  4.38852e+08
 110.0  4.72375e+08
 111.0  4.58678e+08
 112.0  4.76601e+08
 113.0  3.97219e+08
 114.0  2.71186e+08
 115.0  4.49421e+08
 116.0  5.12508e+08
 117.0  2.07123e+09
 118.0  5.86797e+08
 119.0  1.91371e+09
 120.0  5.81455e+09
 121.0  2.85340e+11
 122.0  2.41359e+09
 123.0  1.44152e+09
 124.0  1.22570e+09
 125.0  1.14307e+09
 126.0  1.65898e+09
 127.0  8.96024e+08
 128.0  7.41981e+08
 129.0  9.46823e+08
 130.0  7.04232e+09
 131.0  1.19588e+09
 132.0  9.15173e+08
 133.0  8.84986e+09
 134.0  8.69862e+08
 135.0  1.89334e+09
 136.0  1.26936e+09
 137.0  1.33907e+09
 138.0  1.37389e+09
 139.0  4.08013e+09
 140.0  3.42152e+09
 141.0  2.09032e+09
 142.0  2.25906e+09
 143.0  2.59105e+09
 144.0  2.53696e+09
 145.0  2.75479e+09
 146.0  3.38340e+09
 147.0  4.30479e+09
 148.0  4.29674e+09
 149.0  3.89255e+09
 150.0  4.34565e+09
 151.0  4.66459e+09
 152.0  5.97707e+09
 153.0  6.77461e+09
 154.0  1.15770e+10
 155.0  1.03189e+10
 156.0  9.96341e+09
 157.0  9.17551e+09
 158.0  8.72790e+09
 159.0  8.87670e+09
 160.0  9.99025e+09
 161.0  1.18582e+10
 162.0  1.37553e+10
 163.0  1.54696e+10
 164.0  1.67539e+10
 165.0  2.65106e+10
 166.0  1.96402e+10
 167.0  2.18417e+10
 168.0  2.46780e+10
 169.0  3.25119e+10
 170.0  3.77784e+10
 171.0  3.86145e+10
 172.0  4.13490e+10
 173.0  4.17167e+10
 174.0  5.09684e+10
 175.0  6.21844e+10
 176.0  6.82096e+10
 177.0  8.21442e+10
 178.0  9.13831e+10
 179.0  9.13709e+10
 180.0  1.12044e+11
 181.0  1.36639e+11
 182.0  1.30120e+11
 183.0  1.39072e+11
 184.0  1.21551e+11
 185.0  1.39541e+11
 186.0  1.61282e+11
 187.0  1.87340e+11
 188.0  1.99591e+11
 189.0  2.24918e+11
 190.0  2.34559e+11
 191.0  2.57849e+11
 192.0  2.74314e+11
 193.0  2.11209e+11
 194.0  3.50134e+11
 195.0  3.45975e+11
 196.0  3.89944e+11
 197.0  3.96347e+11
 198.0  3.98427e+11
 199.0  4.32833e+11
 200.0  4.84492e+11
 201.0  5.20698e+11
 202.0  5.33535e+11
 203.0  6.00153e+11
 204.0  6.71180e+11
 205.0  6.95817e+11
 206.0  7.28809e+11
 207.0  8.41749e+11
 208.0  9.92560e+11
 209.0  1.42243e+12
 210.0  1.88230e+12
 211.0  2.28876e+12
 212.0  2.15685e+12
 213.0  2.15856e+12
 214.0  2.79632e+12
 215.0  2.44615e+12
 216.0  2.25198e+12
 217.0  2.36663e+12
 218.0  3.15246e+12
 219.0  3.34516e+12
 220.0  3.35218e+12
 221.0  2.65478e+12
 222.0  3.54415e+12
 223.0  4.53708e+12
 224.0  4.23741e+12
 225.0  3.71838e+12
 226.0  2.77955e+12
 227.0  2.77028e+12
 228.0  3.77247e+12
 229.0  3.42078e+12
 230.0  3.89292e+12
 231.0  3.62282e+12
 232.0  3.84315e+12
 233.0  3.25326e+12
 234.0  2.78949e+12
 235.0  3.92365e+12
 236.0  3.50275e+12
 237.0  3.77821e+12
 238.0  2.99738e+12
 239.0  3.31053e+12
 240.0  3.04531e+12
 241.0  3.78766e+12
 242.0  5.40017e+12
 243.0  5.07782e+12
 244.0  4.74320e+12
 245.0  3.86059e+12
 246.0  3.84998e+12
 247.0  4.30876e+12
 248.0  3.55690e+12
 249.0  4.35511e+12
 250.0  4.67966e+12
 251.0  3.67856e+12
 252.0  3.29662e+12
 253.0  4.11556e+12
 254.0  4.70368e+12
 255.0  6.38249e+12
 256.0  8.08940e+12
 257.0  9.98781e+12
 258.0  1.03629e+13
 259.0  8.74985e+12
 260.0  7.13319e+12
 261.0  7.30150e+12
 262.0  8.78400e+12
 263.0  1.32547e+13
 264.0  2.08208e+13
 265.0  2.14240e+13
 266.0  2.11501e+13
 267.0  2.14002e+13
 268.0  2.09940e+13
 269.0  2.02043e+13
 270.0  2.33382e+13
 271.0  1.97805e+13
 272.0  1.67246e+13
 273.0  1.74936e+13
 274.0  1.15667e+13
 275.0  1.54488e+13
 276.0  2.15886e+13
 277.0  2.10081e+13
 278.0  1.43097e+13
 279.0  7.71009e+12
 280.0  8.56324e+12
 281.0  1.86370e+13
 282.0  2.64185e+13
 283.0  2.87078e+13
 284.0  2.21802e+13
 285.0  1.40590e+13
 286.0  2.93268e+13
 287.0  3.19911e+13
 288.0  2.91889e+13
 289.0  4.27918e+13
 290.0  5.56995e+13
 291.0  5.35620e+13
 292.0  4.77321e+13
 293.0  5.02183e+13
 294.0  4.72619e+13
 295.0  5.16167e+13
 296.0  4.78662e+13
 297.0  4.90255e+13
 298.0  4.22918e+13
 299.0  4.81095e+13
 300.0  3.88578e+13
 301.0  4.49366e+13
 302.0  4.67069e+13
 303.0  6.02525e+13
 304.0  5.78827e+13
 305.0  5.83584e+13
 306.0  5.48104e+13
 307.0  6.14892e+13
 308.0  6.12148e+13
 309.0  4.96116e+13
 310.0  6.14160e+13
 311.0  7.29175e+13
 312.0  6.54592e+13
 313.0  7.01671e+13
 314.0  6.62337e+13
 315.0  6.44164e+13
 316.0  6.27882e+13
 317.0  8.00220e+13
 318.0  6.63679e+13
 319.0  7.17161e+13
 320.0  8.29309e+13
 321.0  7.00208e+13
 322.0  7.05208e+13
 323.0  6.78559e+13
 324.0  7.92292e+13
 325.0  9.05294e+13
 326.0  1.02019e+14
 327.0  9.89084e+13
 328.0  9.49872e+13
 329.0  1.11806e+14
 330.0  1.06470e+14
 331.0  1.02494e+14
 332.0  1.00756e+14
 333.0  9.71765e+13
 334.0  1.03019e+14
 335.0  1.02659e+14
 336.0  8.59922e+13
 337.0  9.14563e+13
 338.0  9.87804e+13
 339.0  1.03720e+14
 340.0  1.10184e+14
 341.0  1.00750e+14
 342.0  1.08958e+14
 343.0  1.06970e+14
 344.0  8.57422e+13
 345.0  1.04866e+14
 346.0  1.01482e+14
 347.0  1.00195e+14
 348.0  1.02854e+14
 349.0  9.79205e+13
 350.0  1.18661e+14
 351.0  1.09629e+14
 352.0  1.01262e+14
 353.0  1.17319e+14
 354.0  1.25223e+14
 355.0  1.18643e+14
 356.0  1.05226e+14
 357.0  9.30480e+13
 358.0  7.82291e+13
 359.0  1.15532e+14
 360.0  1.11959e+14
 361.0  1.02799e+14
 362.0  1.17344e+14
 363.0  1.13166e+14
 364.0  1.18484e+14
 365.0  1.35218e+14
 366.0  1.44384e+14
 367.0  1.39212e+14
 368.0  1.28382e+14
 369.0  1.45115e+14
 370.0  1.35657e+14
 371.0  1.43902e+14
 372.0  1.21789e+14
 373.0  1.07391e+14
 374.0  1.10837e+14
 375.0  1.26583e+14
 376.0  1.28735e+14
 377.0  1.51958e+14
 378.0  1.59867e+14
 379.0  1.28955e+14
 380.0  1.44396e+14
 381.0  1.32461e+14
 382.0  9.61581e+13
 383.0  8.54495e+13
 384.0  1.16813e+14
 385.0  1.22795e+14
 386.0  1.23174e+14
 387.0  1.21149e+14
 388.0  1.19484e+14
 389.0  1.43957e+14
 390.0  1.50061e+14
 391.0  1.64197e+14
 392.0  1.25095e+14
 393.0  7.18990e+13
 394.0  1.27070e+14
 395.0  1.58336e+14
 396.0  1.04244e+14
 397.0  1.16587e+14
 398.0  1.85004e+14
 399.0  2.02043e+14
 400.0  2.07751e+14
 401.0  2.18393e+14
 402.0  2.22558e+14
 403.0  2.12172e+14
 404.0  2.09928e+14
 405.0  2.12239e+14
 406.0  2.02561e+14
 407.0  2.05354e+14
 408.0  2.20277e+14
 409.0  2.16618e+14
 410.0  1.98079e+14
 411.0  2.30717e+14
 412.0  2.28796e+14
 413.0  2.22844e+14
 414.0  2.27503e+14
 415.0  2.28058e+14
 416.0  2.36297e+14
 417.0  2.15490e+14
 418.0  2.24832e+14
 419.0  2.27583e+14
 420.0  2.30425e+14
 421.0  2.26881e+14
 422.0  2.15575e+14
 423.0  2.30309e+14
 424.0  2.38938e+14
 425.0  2.30620e+14
 426.0  2.30748e+14
 427.0  2.15014e+14
 428.0  2.17368e+14
 429.0  2.02482e+14
 430.0  1.63307e+14
 431.0  2.01183e+14
 432.0  2.25399e+14
 433.0  2.43194e+14
 434.0  2.06470e+14
 435.0  2.31522e+14
 436.0  2.60459e+14
 437.0  2.31541e+14
 438.0  2.27016e+14
 439.0  2.53385e+14
 440.0  2.40127e+14
 441.0  2.63477e+14
 442.0  2.76290e+14
 443.0  2.67124e+14
 444.0  2.75875e+14
 445.0  2.55940e+14
 446.0  2.61099e+14
 447.0  2.83053e+14
 448.0  2.78589e+14
 449.0  2.81486e+14
 450.0  2.98494e+14
 451.0  2.98134e+14
 452.0  2.83730e+14
 453.0  2.72131e+14
 454.0  2.90871e+14
 455.0  2.88352e+14
 456.0  2.99970e+14
 457.0  3.03464e+14
 458.0  2.85864e+14
 459.0  2.95987e+14
 460.0  2.93170e+14
 461.0  3.00372e+14
 462.0  3.03751e+14
 463.0  2.94298e+14
 464.0  3.00317e+14
 465.0  2.90353e+14
 466.0  2.92828e+14
 467.0  2.95835e+14
 468.0  2.90017e+14
 469.0  2.98945e+14
 470.0  2.82961e+14
 471.0  2.96445e+14
 472.0  3.04391e+14
 473.0  2.99488e+14
 474.0  3.08885e+14
 475.0  3.08708e+14
 476.0  2.97957e+14
 477.0  3.11593e+14
 478.0  3.09141e+14
 479.0  3.10867e+14
 480.0  3.12130e+14
 481.0  3.13355e+14
 482.0  3.12544e+14
 483.0  3.08196e+14
 484.0  3.02903e+14
 485.0  2.85108e+14
 486.0  2.47622e+14
 487.0  2.84053e+14
 488.0  3.00281e+14
 489.0  2.95908e+14
 490.0  3.15783e+14
 491.0  2.98408e+14
 492.0  2.84821e+14
 493.0  3.01244e+14
 494.0  3.10629e+14
 495.0  3.05495e+14
 496.0  3.09623e+14
 497.0  3.16411e+14
 498.0  2.88072e+14
 499.0  3.09794e+14
 500.0  2.86242e+14
 501.0  2.90767e+14
 502.0  2.89737e+14
 503.0  3.05842e+14
 504.0  2.99823e+14
 505.0  3.08080e+14
 506.0  3.11605e+14
 507.0  2.99189e+14
 508.0  2.84151e+14
 509.0  3.04007e+14
 510.0  2.98372e+14
 511.0  3.13581e+14
 512.0  2.98335e+14
 513.0  2.98341e+14
 514.0  2.89840e+14
 515.0  3.00970e+14
 516.0  2.82376e+14
 517.0  2.57214e+14
 518.0  2.69588e+14
 519.0  2.89920e+14
 520.0  2.98104e+14
 521.0  2.99878e+14
 522.0  2.97390e+14
 523.0  2.96140e+14
 524.0  3.12599e+14
 525.0  3.10355e+14
 526.0  2.87431e+14
 527.0  2.82083e+14
 528.0  3.08824e+14
 529.0  3.16411e+14
 530.0  3.13477e+14
 531.0  3.19039e+14
 532.0  3.00829e+14
 533.0  3.03452e+14
 534.0  3.06970e+14
 535.0  3.22454e+14
 536.0  3.17222e+14
 537.0  3.09318e+14
 538.0  3.14886e+14
 539.0  3.08355e+14
 540.0  2.96073e+14
 541.0  3.08410e+14
 542.0  3.16789e+14
 543.0  3.06403e+14
 544.0  3.18990e+14
 545.0  3.18838e+14
 546.0  3.22241e+14
 547.0  3.17661e+14
 548.0  3.20472e+14
 549.0  3.17783e+14
 550.0  3.22948e+14
 551.0  3.18569e+14
 552.0  3.19771e+14
 553.0  3.18966e+14
 554.0  3.27656e+14
 555.0  3.25887e+14
 556.0  3.20551e+14
 557.0  3.12325e+14
 558.0  3.10325e+14
 559.0  3.12056e+14
 560.0  3.14038e+14
 561.0  3.13904e+14
 562.0  3.22643e+14
 563.0  3.26272e+14
 564.0  3.19082e+14
 565.0  3.13331e+14
 566.0  3.12178e+14
 567.0  3.24113e+14
 568.0  3.16709e+14
 569.0  3.20246e+14
 570.0  3.13715e+14
 571.0  3.13258e+14
 572.0  3.29748e+14
 573.0  3.29632e+14
 574.0  3.30675e+14
 575.0  3.22472e+14
 576.0  3.24851e+14
 577.0  3.27467e+14
 578.0  3.18472e+14
 579.0  3.24668e+14
 580.0  3.25284e+14
 581.0  3.28077e+14
 582.0  3.34077e+14
 583.0  3.30522e+14
 584.0  3.31126e+14
 585.0  3.22649e+14
 586.0  3.23058e+14
 587.0  3.31254e+14
 588.0  3.21234e+14
 589.0  2.86870e+14
 590.0  3.25833e+14
 591.0  3.24930e+14
 592.0  3.27808e+14
 593.0  3.25479e+14
 594.0  3.27461e+14
 595.0  3.22509e+14
 596.0  3.27266e+14
 597.0  3.25284e+14
 598.0  3.25881e+14
 599.0  3.24979e+14
 600.0  3.22064e+14
 601.0  3.19887e+14
 602.0  3.18118e+14
 603.0  3.26753e+14
 604.0  3.28802e+14
 605.0  3.26723e+14
 606.0  3.25875e+14
 607.0  3.31693e+14
 608.0  3.23710e+14
 609.0  3.27467e+14
 610.0  3.20582e+14
 611.0  3.28833e+14
 612.0  3.21905e+14
 613.0  3.19435e+14
 614.0  3.18783e+14
 615.0  3.23930e+14
 616.0  3.08385e+14
 617.0  3.15953e+14
 618.0  3.27766e+14
 619.0  3.20649e+14
 620.0  3.25790e+14
 621.0  3.24899e+14
 622.0  3.25131e+14
 623.0  3.17039e+14
 624.0  3.11684e+14
 625.0  3.15136e+14
 626.0  3.23790e+14
 627.0  3.27528e+14
 628.0  3.25320e+14
 629.0  3.25753e+14
 630.0  3.20509e+14
 631.0  3.19563e+14
 632.0  3.20850e+14
 633.0  3.21039e+14
 634.0  3.20338e+14
 635.0  3.23314e+14
 636.0  3.18624e+14
 637.0  3.25967e+14
 638.0  3.24473e+14
 639.0  3.20033e+14
 640.0  3.20277e+14
 641.0  3.15752e+14
 642.0  3.19100e+14
 643.0  3.19417e+14
 644.0  3.22417e+14
 645.0  3.19692e+14
 646.0  3.16417e+14
 647.0  3.21259e+14
 648.0  3.23613e+14
 649.0  3.07708e+14
 650.0  3.20094e+14
 651.0  3.22472e+14
 652.0  3.20954e+14
 653.0  3.19149e+14
 654.0  3.14069e+14
 655.0  3.07971e+14
 656.0  2.52385e+14
 657.0  2.98030e+14
 658.0  3.16264e+14
 659.0  3.09861e+14
 660.0  3.16935e+14
 661.0  3.18106e+14
 662.0  3.18289e+14
 663.0  3.10587e+14
 664.0  3.12776e+14
 665.0  3.15776e+14
 666.0  3.09343e+14
 667.0  3.15734e+14
 668.0  3.16057e+14
 669.0  3.18649e+14
 670.0  3.18594e+14
 671.0  3.17228e+14
 672.0  3.19350e+14
 673.0  3.21283e+14
 674.0  3.19021e+14
 675.0  3.17319e+14
 676.0  3.18356e+14
 677.0  3.17185e+14
 678.0  3.15740e+14
 679.0  3.11422e+14
 680.0  3.11806e+14
 681.0  3.14898e+14
 682.0  3.13331e+14
 683.0  3.15075e+14
 684.0  3.12313e+14
 685.0  3.14819e+14
 686.0  3.17179e+14
 687.0  3.18667e+14
 688.0  3.14551e+14
 689.0  3.16033e+14
 690.0  3.13813e+14
 691.0  3.10501e+14
 692.0  3.10379e+14
 693.0  3.11270e+14
 694.0  3.12087e+14
 695.0  3.14825e+14
 696.0  3.16344e+14
 697.0  3.13233e+14
 698.0  3.12526e+14
 699.0  3.16929e+14
 700.0  3.10800e+14
 701.0  3.09861e+14
 702.0  3.10538e+14
 703.0  3.14063e+14
 704.0  3.16478e+14
 705.0  3.14752e+14
 706.0  3.13124e+14
 707.0  3.14856e+14
 708.0  3.10526e+14
 709.0  3.07397e+14
 710.0  3.11288e+14
 711.0  3.06306e+14
 712.0  3.05793e+14
 713.0  3.04434e+14
 714.0  3.04714e+14
 715.0  3.01140e+14
 716.0  3.00817e+14
 717.0  3.10056e+14
 718.0  2.99860e+14
 719.0  2.98207e+14
 720.0  3.03818e+14
 721.0  3.01927e+14
 722.0  3.00183e+14
 723.0  3.05367e+14
 724.0  3.01482e+14
 725.0  3.01226e+14
 726.0  3.01415e+14
 727.0  3.03269e+14
 728.0  2.96670e+14
 729.0  2.94932e+14
 730.0  3.00689e+14
 731.0  3.00165e+14
 732.0  2.98171e+14
 733.0  3.01482e+14
 734.0  3.02836e+14
 735.0  2.97506e+14
 736.0  2.99457e+14
 737.0  3.00586e+14
 738.0  2.93518e+14
 739.0  2.94042e+14
 740.0  2.96323e+14
 741.0  2.90267e+14
 742.0  2.92542e+14
 743.0  3.00396e+14
 744.0  2.93890e+14
 745.0  2.99738e+14
 746.0  2.97634e+14
 747.0  2.98713e+14
 748.0  2.99323e+14
 749.0  2.93091e+14
 750.0  2.98787e+14
 751.0  2.92408e+14
 752.0  2.94786e+14
 753.0  2.97896e+14
 754.0  2.97457e+14
 755.0  2.96189e+14
 756.0  2.97542e+14
 757.0  2.97073e+14
 758.0  2.92456e+14
 759.0  2.95622e+14
 760.0  2.92889e+14
 761.0  2.89798e+14
 762.0  2.90737e+14
 763.0  2.94365e+14
 764.0  2.93438e+14
 765.0  2.87840e+14
 766.0  2.77753e+14
 767.0  2.94213e+14
 768.0  2.89706e+14
 769.0  2.88188e+14
 770.0  2.89407e+14
 771.0  2.85718e+14
 772.0  2.86230e+14
 773.0  2.91517e+14
 774.0  2.83474e+14
 775.0  2.84279e+14
 776.0  2.89517e+14
 777.0  2.83138e+14
 778.0  2.85199e+14
 779.0  2.84321e+14
 780.0  2.84175e+14
 781.0  2.84407e+14
 782.0  2.86029e+14
 783.0  2.79693e+14
 784.0  2.84760e+14
 785.0  2.79382e+14
 786.0  2.83955e+14
 787.0  2.84059e+14
 788.0  2.83968e+14
 789.0  2.85230e+14
 790.0  2.85962e+14
 791.0  2.79595e+14
 792.0  2.80845e+14
 793.0  2.73381e+14
 794.0  2.73399e+14
 795.0  2.82516e+14
 796.0  2.81358e+14
 797.0  2.81278e+14
 798.0  2.81449e+14
 799.0  2.78979e+14
 800.0  2.78266e+14
 801.0  2.80876e+14
 802.0  2.78998e+14
 803.0  2.79943e+14
 804.0  2.77412e+14
 805.0  2.78308e+14
 806.0  2.80766e+14
 807.0  2.77607e+14
 808.0  2.77430e+14
 809.0  2.76046e+14
 810.0  2.78882e+14
 811.0  2.80144e+14
 812.0  2.81406e+14
 813.0  2.82034e+14
 814.0  2.80242e+14
 815.0  2.79632e+14
 816.0  2.78760e+14
 817.0  2.78485e+14
 818.0  2.70167e+14
 819.0  2.71222e+14
 820.0  2.72247e+14
 821.0  2.69777e+14
 822.0  2.73979e+14
 823.0  2.73046e+14
 824.0  2.73930e+14
 825.0  2.74003e+14
 826.0  2.76162e+14
 827.0  2.74936e+14
 828.0  2.74491e+14
 829.0  2.72094e+14
 830.0  2.72155e+14
 831.0  2.72972e+14
 832.0  2.70106e+14
 833.0  2.64362e+14
 834.0  2.65972e+14
 835.0  2.72588e+14
 836.0  2.70710e+14
 837.0  2.71119e+14
 838.0  2.65624e+14
 839.0  2.69478e+14
 840.0  2.71643e+14
 841.0  2.69082e+14
 842.0  2.64508e+14
 843.0  2.61776e+14
 844.0  2.66283e+14
 845.0  2.71814e+14
 846.0  2.67813e+14
 847.0  2.64160e+14
 848.0  2.62325e+14
 849.0  2.50640e+14
 850.0  2.47103e+14
 851.0  2.55409e+14
 852.0  2.57355e+14
 853.0  2.40944e+14
 854.0  1.99488e+14
 855.0  2.56415e+14
 856.0  2.60038e+14
 857.0  2.59831e+14
 858.0  2.58904e+14
 859.0  2.61660e+14
 860.0  2.61599e+14
 861.0  2.61831e+14
 862.0  2.69338e+14
 863.0  2.67338e+14
 864.0  2.64752e+14
 865.0  2.57861e+14
 866.0  2.13648e+14
 867.0  2.67094e+14
 868.0  2.63624e+14
 869.0  2.60892e+14
 870.0  2.70564e+14
 871.0  2.64715e+14
 872.0  2.73283e+14
 873.0  2.65331e+14
 874.0  2.58672e+14
 875.0  2.53622e+14
 876.0  2.63630e+14
 877.0  2.62136e+14
 878.0  2.65112e+14
 879.0  2.58513e+14
 880.0  2.53781e+14
 881.0  2.56361e+14
 882.0  2.55970e+14
 883.0  2.60331e+14
 884.0  2.57885e+14
 885.0  2.60233e+14
 886.0  2.44908e+14
 887.0  2.55665e+14
 888.0  2.58123e+14
 889.0  2.57660e+14
 890.0  2.59642e+14
 891.0  2.56592e+14
 892.0  2.51567e+14
 893.0  2.54147e+14
 894.0  2.50482e+14
 895.0  2.55117e+14
 896.0  2.55287e+14
 897.0  2.52830e+14
 898.0  2.54830e+14
 899.0  2.53086e+14
 900.0  2.47646e+14
