   1.0  3.12350e+09
   2.0  6.89355e+09
   3.0  3.04256e+09
   4.0  6.26522e+09
   5.0  1.04613e+10
   6.0  1.35481e+10
   7.0  1.31739e+10
   8.0  1.19589e+10
   9.0  1.01419e+10
  10.0  5.85849e+09
  11.0  2.80368e+09
  12.0  1.54482e+09
  13.0  1.21446e+09
  14.0  8.22548e+09
  15.0  1.42469e+10
  16.0  2.02596e+10
  17.0  2.28676e+11
  18.0  3.56912e+11
  19.0  2.34800e+11
  20.0  2.01026e+11
  21.0  1.53132e+11
  22.0  1.08794e+11
  23.0  7.25302e+10
  24.0  4.25536e+10
  25.0  1.03708e+11
  26.0  1.03036e+11
  27.0  8.48928e+10
  28.0  1.19949e+11
  29.0  9.43251e+10
  30.0  5.04792e+11
  31.0  5.80295e+11
  32.0  2.24006e+11
  33.0  2.62217e+11
  34.0  1.93253e+11
  35.0  1.13304e+11
  36.0  1.26520e+11
  37.0  8.76884e+10
  38.0  1.88882e+10
  39.0  1.15393e+10
  40.0  1.57088e+10
  41.0  2.87534e+10
  42.0  2.41905e+10
  43.0  1.70979e+10
  44.0  1.70429e+10
  45.0  1.04282e+10
  46.0  2.56913e+10
  47.0  2.87336e+10
  48.0  2.23061e+10
  49.0  6.31049e+10
  50.0  7.09956e+10
  51.0  2.89187e+10
  52.0  2.03404e+10
  53.0  2.30179e+10
  54.0  1.67083e+10
  55.0  3.66514e+10
  56.0  3.97617e+10
  57.0  1.87907e+10
  58.0  6.33425e+10
  59.0  6.62867e+10
  60.0  5.87021e+10
  61.0  6.26893e+10
  62.0  8.08249e+10
  63.0  8.34961e+10
  64.0  2.09953e+10
  65.0  7.12521e+09
  66.0  6.01796e+09
  67.0  5.82938e+09
  68.0  1.33020e+10
  69.0  1.81872e+10
  70.0  2.84747e+10
  71.0  3.00745e+10
  72.0  1.62143e+10
  73.0  1.62100e+10
  74.0  2.07541e+10
  75.0  2.93673e+10
  76.0  6.34710e+10
  77.0  8.78345e+10
  78.0  1.02003e+11
  79.0  8.88641e+10
  80.0  5.82956e+10
  81.0  6.38937e+10
  82.0  8.52465e+10
  83.0  1.39335e+11
  84.0  1.53607e+11
  85.0  1.38331e+11
  86.0  1.51900e+11
  87.0  1.73186e+11
  88.0  2.03996e+11
  89.0  2.43857e+11
  90.0  2.94793e+11
  91.0  2.84587e+11
  92.0  1.69185e+11
  93.0  8.43774e+10
  94.0  6.82372e+10
  95.0  4.53398e+10
  96.0  3.43012e+10
  97.0  3.33876e+11
  98.0  3.55803e+11
  99.0  9.33323e+10
 100.0  2.04246e+10
 101.0  2.83378e+10
 102.0  1.33909e+10
 103.0  1.31823e+10
 104.0  1.57263e+10
 105.0  1.88157e+10
 106.0  1.95070e+10
 107.0  1.61279e+10
 108.0  1.92750e+10
 109.0  2.32953e+10
 110.0  1.00474e+10
 111.0  1.18483e+10
 112.0  1.87201e+10
 113.0  2.26033e+10
 114.0  1.13650e+10
 115.0  1.06338e+10
 116.0  7.30759e+09
 117.0  7.56010e+09
 118.0  3.69602e+09
 119.0  9.48618e+09
 120.0  4.43930e+10
 121.0  3.82339e+11
 122.0  2.85698e+10
 123.0  5.25755e+09
 124.0  5.64319e+09
 125.0  1.96388e+09
 126.0  2.85543e+09
 127.0  9.48654e+08
 128.0  2.58944e+09
 129.0  2.39464e+09
 130.0  4.80482e+09
 131.0  2.54676e+09
 132.0  1.55592e+09
 133.0  1.53121e+10
 134.0  2.78585e+09
 135.0  1.15669e+09
 136.0  1.81762e+09
 137.0  2.63172e+09
 138.0  1.68489e+09
 139.0  6.50932e+09
 140.0  2.76376e+09
 141.0  3.09140e+09
 142.0  2.18611e+09
 143.0  3.00394e+09
 144.0  3.23297e+09
 145.0  2.53373e+09
 146.0  3.48866e+09
 147.0  3.15878e+09
 148.0  4.40170e+09
 149.0  1.56233e+09
 150.0  3.09870e+09
 151.0  7.29670e+09
 152.0  4.91116e+09
 153.0  5.92541e+09
 154.0  2.40290e+10
 155.0  2.00803e+10
 156.0  6.78223e+09
 157.0  3.55723e+09
 158.0  8.62983e+09
 159.0  7.53847e+09
 160.0  1.25319e+10
 161.0  2.90717e+09
 162.0  2.20104e+09
 163.0  9.91684e+09
 164.0  9.86200e+09
 165.0  9.75818e+09
 166.0  8.53416e+09
 167.0  2.41917e+09
 168.0  2.07219e+09
 169.0  2.37152e+09
 170.0  2.63199e+09
 171.0  3.90359e+09
 172.0  1.92883e+09
 173.0  2.88125e+09
 174.0  5.84638e+09
 175.0  5.91471e+09
 176.0  5.98208e+09
 177.0  4.08670e+09
 178.0  7.14560e+09
 179.0  2.26558e+09
 180.0  7.75652e+09
 181.0  1.69743e+10
 182.0  6.54775e+09
 183.0  4.03777e+09
 184.0  8.86676e+09
 185.0  6.70116e+09
 186.0  3.72752e+09
 187.0  2.99766e+09
 188.0  5.53469e+09
 189.0  4.06730e+09
 190.0  4.28049e+09
 191.0  5.40169e+09
 192.0  3.05904e+09
 193.0  3.60021e+09
 194.0  4.17415e+09
 195.0  1.19369e+09
 196.0  2.60637e+09
 197.0  1.63025e+09
 198.0  4.08822e+09
 199.0  7.45912e+09
 200.0  2.42297e+10
 201.0  2.07180e+10
 202.0  1.47956e+10
 203.0  1.37907e+10
 204.0  1.37194e+10
 205.0  2.84659e+10
 206.0  8.55367e+09
 207.0  1.95366e+10
 208.0  1.16276e+10
 209.0  1.90625e+10
 210.0  1.69806e+10
 211.0  1.57353e+10
 212.0  1.41225e+10
 213.0  1.86157e+10
 214.0  2.01702e+10
 215.0  1.34120e+10
 216.0  1.02312e+10
 217.0  1.07195e+10
 218.0  1.39388e+10
 219.0  1.04501e+10
 220.0  8.93585e+09
 221.0  1.15172e+10
 222.0  1.58107e+10
 223.0  1.69290e+10
 224.0  6.54144e+09
 225.0  1.89012e+10
 226.0  1.63538e+10
 227.0  1.24809e+10
 228.0  5.58487e+09
 229.0  1.21284e+10
 230.0  1.03050e+10
 231.0  6.47049e+09
 232.0  1.58581e+10
 233.0  1.96220e+10
 234.0  1.45009e+10
 235.0  1.47461e+10
 236.0  3.33988e+10
 237.0  3.08255e+10
 238.0  3.55713e+10
 239.0  3.18399e+10
 240.0  2.45725e+10
 241.0  1.96673e+10
 242.0  8.91267e+09
 243.0  1.62172e+10
 244.0  1.00655e+10
 245.0  5.93055e+09
 246.0  7.64563e+09
 247.0  1.16197e+10
 248.0  1.87735e+10
 249.0  1.51786e+10
 250.0  1.17723e+10
 251.0  1.85264e+10
 252.0  1.33406e+10
 253.0  1.46260e+10
 254.0  1.18309e+10
 255.0  1.00884e+10
 256.0  1.06843e+10
 257.0  7.71620e+09
 258.0  1.95411e+10
 259.0  2.84497e+10
 260.0  4.03237e+10
 261.0  4.73642e+10
 262.0  5.56426e+10
 263.0  4.74028e+10
 264.0  8.06202e+09
 265.0  9.82310e+09
 266.0  9.01178e+09
 267.0  1.46444e+10
 268.0  1.12287e+10
 269.0  1.19914e+10
 270.0  1.33529e+10
 271.0  1.58354e+10
 272.0  1.91897e+10
 273.0  2.51920e+10
 274.0  3.48730e+10
 275.0  3.48570e+10
 276.0  2.11661e+10
 277.0  1.31405e+10
 278.0  2.11183e+10
 279.0  1.56790e+11
 280.0  2.10476e+11
 281.0  2.69186e+10
 282.0  1.31615e+10
 283.0  1.40980e+10
 284.0  1.76054e+10
 285.0  1.90686e+10
 286.0  1.46467e+10
 287.0  1.87156e+10
 288.0  1.97948e+10
 289.0  1.48388e+10
 290.0  1.33514e+10
 291.0  1.55473e+10
 292.0  2.40130e+10
 293.0  1.93435e+10
 294.0  2.20679e+10
 295.0  2.27267e+10
 296.0  1.60698e+10
 297.0  2.06604e+10
 298.0  2.64836e+10
 299.0  1.71685e+10
 300.0  1.88483e+10
 301.0  1.49405e+10
 302.0  1.40524e+10
 303.0  1.60937e+10
 304.0  1.32790e+10
 305.0  1.42271e+10
 306.0  2.22812e+10
 307.0  2.07910e+10
 308.0  2.06689e+10
 309.0  1.66684e+10
 310.0  2.64593e+10
 311.0  1.78290e+10
 312.0  2.04511e+10
 313.0  2.48539e+10
 314.0  2.94360e+10
 315.0  1.47576e+10
 316.0  3.11201e+10
 317.0  3.83527e+10
 318.0  5.49423e+10
 319.0  4.75814e+10
 320.0  3.34683e+10
 321.0  4.55276e+10
 322.0  4.97938e+10
 323.0  2.24798e+10
 324.0  5.17276e+10
 325.0  5.01653e+10
 326.0  5.86522e+10
 327.0  3.80395e+10
 328.0  4.01539e+10
 329.0  2.64199e+10
 330.0  5.38315e+10
 331.0  5.09936e+10
 332.0  9.12140e+10
 333.0  1.74255e+10
 334.0  4.10583e+10
 335.0  1.14124e+11
 336.0  1.22383e+11
 337.0  7.85549e+10
 338.0  9.23815e+10
 339.0  1.07907e+11
 340.0  1.10851e+11
 341.0  1.13795e+11
 342.0  1.16740e+11
 343.0  1.19684e+11
 344.0  1.22628e+11
 345.0  1.25573e+11
 346.0  1.28517e+11
 347.0  1.31461e+11
 348.0  1.34405e+11
 349.0  1.37350e+11
 350.0  1.40294e+11
 351.0  1.43238e+11
 352.0  1.46183e+11
 353.0  1.49127e+11
 354.0  1.52071e+11
 355.0  1.55015e+11
 356.0  1.44551e+11
 357.0  1.31279e+11
 358.0  1.36283e+11
 359.0  1.22522e+11
 360.0  1.13316e+11
 361.0  1.20167e+11
 362.0  1.37430e+11
 363.0  1.52845e+11
 364.0  1.44321e+11
 365.0  1.33341e+11
 366.0  1.19357e+11
 367.0  1.24497e+11
 368.0  1.16744e+11
 369.0  8.43887e+10
 370.0  1.05167e+11
 371.0  1.23727e+11
 372.0  1.08042e+11
 373.0  1.03633e+11
 374.0  1.26940e+11
 375.0  1.40386e+11
 376.0  1.68380e+11
 377.0  1.88561e+11
 378.0  1.66730e+11
 379.0  1.74243e+11
 380.0  1.36166e+11
 381.0  1.70753e+11
 382.0  1.03566e+11
 383.0  1.82320e+11
 384.0  1.64462e+11
 385.0  6.87471e+10
 386.0  1.25889e+11
 387.0  1.49998e+11
 388.0  1.60647e+11
 389.0  2.02560e+11
 390.0  1.82318e+11
 391.0  1.96743e+11
 392.0  1.68721e+11
 393.0  4.05889e+11
 394.0  1.44596e+11
 395.0  1.95579e+11
 396.0  2.25913e+11
 397.0  3.29912e+11
 398.0  2.68966e+11
 399.0  2.72523e+11
 400.0  3.01348e+11
 401.0  3.35055e+11
 402.0  3.16286e+11
 403.0  2.63167e+11
 404.0  2.89988e+11
 405.0  3.58775e+11
 406.0  3.05251e+11
 407.0  2.99934e+11
 408.0  3.34568e+11
 409.0  3.28992e+11
 410.0  4.65013e+11
 411.0  3.34415e+11
 412.0  3.59182e+11
 413.0  3.54682e+11
 414.0  3.52654e+11
 415.0  3.84626e+11
 416.0  4.03577e+11
 417.0  3.75127e+11
 418.0  3.74879e+11
 419.0  3.74221e+11
 420.0  3.38680e+11
 421.0  2.94664e+11
 422.0  1.25655e+11
 423.0  1.95040e+11
 424.0  3.01997e+11
 425.0  2.72297e+11
 426.0  3.33707e+11
 427.0  2.99081e+11
 428.0  3.52501e+11
 429.0  3.30802e+11
 430.0  3.28887e+11
 431.0  3.97687e+11
 432.0  4.13813e+11
 433.0  4.88544e+11
 434.0  6.51316e+11
 435.0  4.32755e+11
 436.0  4.67141e+11
 437.0  4.87308e+11
 438.0  4.48996e+11
 439.0  5.00426e+11
 440.0  4.83745e+11
 441.0  5.80190e+11
 442.0  5.37556e+11
 443.0  5.45993e+11
 444.0  8.56839e+11
 445.0  4.81764e+11
 446.0  4.96478e+11
 447.0  5.70243e+11
 448.0  5.79988e+11
 449.0  5.95723e+11
 450.0  6.08112e+11
 451.0  6.30179e+11
 452.0  6.04867e+11
 453.0  5.97250e+11
 454.0  6.00606e+11
 455.0  6.76800e+11
 456.0  7.41542e+11
 457.0  7.53878e+11
 458.0  7.20977e+11
 459.0  7.16371e+11
 460.0  7.75647e+11
 461.0  8.13572e+11
 462.0  7.73121e+11
 463.0  7.10135e+11
 464.0  6.95902e+11
 465.0  7.45290e+11
 466.0  7.44299e+11
 467.0  7.20790e+11
 468.0  7.34026e+11
 469.0  8.21847e+11
 470.0  8.32545e+11
 471.0  8.27158e+11
 472.0  8.31296e+11
 473.0  8.56427e+11
 474.0  8.73914e+11
 475.0  8.13961e+11
 476.0  7.06136e+11
 477.0  6.38573e+11
 478.0  6.88128e+11
 479.0  7.39220e+11
 480.0  7.44119e+11
 481.0  7.23982e+11
 482.0  7.45914e+11
 483.0  7.76855e+11
 484.0  7.99482e+11
 485.0  9.14880e+11
 486.0  9.27107e+11
 487.0  8.64430e+11
 488.0  8.54786e+11
 489.0  8.98321e+11
 490.0  9.60359e+11
 491.0  9.96446e+11
 492.0  1.05073e+12
 493.0  1.09603e+12
 494.0  1.10064e+12
 495.0  9.03719e+11
 496.0  7.95113e+11
 497.0  8.21323e+11
 498.0  8.61856e+11
 499.0  8.12159e+11
 500.0  8.08327e+11
 501.0  8.22897e+11
 502.0  8.67693e+11
 503.0  9.22358e+11
 504.0  9.28208e+11
 505.0  9.62896e+11
 506.0  1.00006e+12
 507.0  1.00884e+12
 508.0  9.94935e+11
 509.0  9.54655e+11
 510.0  1.00314e+12
 511.0  1.03116e+12
 512.0  1.02858e+12
 513.0  9.97743e+11
 514.0  1.01996e+12
 515.0  1.09203e+12
 516.0  9.87100e+11
 517.0  8.53870e+11
 518.0  8.28131e+11
 519.0  8.98975e+11
 520.0  9.13104e+11
 521.0  1.04700e+12
 522.0  1.30880e+12
 523.0  1.37522e+12
 524.0  1.35582e+12
 525.0  1.27227e+12
 526.0  1.20117e+12
 527.0  1.25440e+12
 528.0  1.43236e+12
 529.0  1.40424e+12
 530.0  1.42300e+12
 531.0  1.40644e+12
 532.0  1.34519e+12
 533.0  1.34541e+12
 534.0  1.40348e+12
 535.0  1.45620e+12
 536.0  1.49577e+12
 537.0  1.56794e+12
 538.0  1.63186e+12
 539.0  1.61925e+12
 540.0  1.57099e+12
 541.0  1.60958e+12
 542.0  1.63812e+12
 543.0  1.65045e+12
 544.0  1.49863e+12
 545.0  1.33894e+12
 546.0  1.26818e+12
 547.0  1.38692e+12
 548.0  1.45514e+12
 549.0  1.42365e+12
 550.0  1.34772e+12
 551.0  1.32176e+12
 552.0  1.35510e+12
 553.0  1.37266e+12
 554.0  1.38358e+12
 555.0  1.44949e+12
 556.0  1.51568e+12
 557.0  1.56959e+12
 558.0  1.53306e+12
 559.0  1.42332e+12
 560.0  1.38790e+12
 561.0  1.42296e+12
 562.0  1.44070e+12
 563.0  1.45669e+12
 564.0  1.54368e+12
 565.0  1.61976e+12
 566.0  1.62586e+12
 567.0  1.63117e+12
 568.0  1.68196e+12
 569.0  1.74194e+12
 570.0  1.80288e+12
 571.0  1.84863e+12
 572.0  1.88510e+12
 573.0  1.94173e+12
 574.0  2.03709e+12
 575.0  2.01665e+12
 576.0  1.94424e+12
 577.0  1.89358e+12
 578.0  2.00150e+12
 579.0  2.12990e+12
 580.0  2.15849e+12
 581.0  2.02063e+12
 582.0  1.90369e+12
 583.0  1.92407e+12
 584.0  1.85478e+12
 585.0  1.68462e+12
 586.0  1.51975e+12
 587.0  1.34263e+12
 588.0  9.91145e+11
 589.0  8.13702e+11
 590.0  9.58997e+11
 591.0  1.21976e+12
 592.0  1.32986e+12
 593.0  1.42895e+12
 594.0  1.49678e+12
 595.0  1.49251e+12
 596.0  1.48667e+12
 597.0  1.52473e+12
 598.0  1.62060e+12
 599.0  1.71533e+12
 600.0  1.75537e+12
 601.0  1.77966e+12
 602.0  1.87980e+12
 603.0  1.95077e+12
 604.0  2.01712e+12
 605.0  2.05047e+12
 606.0  2.09067e+12
 607.0  2.12850e+12
 608.0  2.18917e+12
 609.0  2.20942e+12
 610.0  2.24544e+12
 611.0  2.18900e+12
 612.0  2.22539e+12
 613.0  2.24288e+12
 614.0  2.18095e+12
 615.0  1.86670e+12
 616.0  1.52045e+12
 617.0  1.41132e+12
 618.0  1.41379e+12
 619.0  1.38554e+12
 620.0  1.38090e+12
 621.0  1.32499e+12
 622.0  1.22473e+12
 623.0  1.21138e+12
 624.0  1.30727e+12
 625.0  1.50055e+12
 626.0  1.60136e+12
 627.0  1.67511e+12
 628.0  1.77819e+12
 629.0  1.93907e+12
 630.0  2.12960e+12
 631.0  2.32085e+12
 632.0  2.46383e+12
 633.0  2.59018e+12
 634.0  2.70821e+12
 635.0  2.65570e+12
 636.0  2.54257e+12
 637.0  2.43687e+12
 638.0  2.41935e+12
 639.0  2.60570e+12
 640.0  2.92815e+12
 641.0  3.09382e+12
 642.0  3.12416e+12
 643.0  3.14669e+12
 644.0  3.20992e+12
 645.0  3.35863e+12
 646.0  3.52688e+12
 647.0  3.56755e+12
 648.0  3.50731e+12
 649.0  3.44219e+12
 650.0  3.60059e+12
 651.0  3.89505e+12
 652.0  4.12875e+12
 653.0  4.33732e+12
 654.0  4.29353e+12
 655.0  4.59715e+12
 656.0  4.62999e+12
 657.0  4.45269e+12
 658.0  3.88804e+12
 659.0  3.97124e+12
 660.0  3.92512e+12
 661.0  3.64962e+12
 662.0  3.51769e+12
 663.0  3.38273e+12
 664.0  3.25225e+12
 665.0  3.06457e+12
 666.0  2.99257e+12
 667.0  2.97116e+12
 668.0  2.84632e+12
 669.0  2.76928e+12
 670.0  2.80204e+12
 671.0  2.66308e+12
 672.0  2.51650e+12
 673.0  2.54302e+12
 674.0  2.56036e+12
 675.0  2.57463e+12
 676.0  2.62448e+12
 677.0  2.66018e+12
 678.0  2.58235e+12
 679.0  2.52349e+12
 680.0  2.58943e+12
 681.0  2.61706e+12
 682.0  2.63425e+12
 683.0  2.65993e+12
 684.0  2.66482e+12
 685.0  2.57782e+12
 686.0  2.33939e+12
 687.0  2.32910e+12
 688.0  2.43111e+12
 689.0  2.54563e+12
 690.0  2.71199e+12
 691.0  2.86772e+12
 692.0  3.11701e+12
 693.0  3.41956e+12
 694.0  3.66119e+12
 695.0  3.81237e+12
 696.0  3.90747e+12
 697.0  4.03872e+12
 698.0  4.10103e+12
 699.0  4.16865e+12
 700.0  4.31360e+12
 701.0  4.51535e+12
 702.0  4.82239e+12
 703.0  5.22302e+12
 704.0  5.33604e+12
 705.0  4.76818e+12
 706.0  4.14900e+12
 707.0  4.11726e+12
 708.0  3.86266e+12
 709.0  3.52504e+12
 710.0  3.55995e+12
 711.0  3.80785e+12
 712.0  3.51618e+12
 713.0  3.09658e+12
 714.0  3.01868e+12
 715.0  3.20027e+12
 716.0  3.31098e+12
 717.0  3.38464e+12
 718.0  3.53950e+12
 719.0  3.53212e+12
 720.0  3.56148e+12
 721.0  3.76542e+12
 722.0  4.06408e+12
 723.0  4.18346e+12
 724.0  4.38769e+12
 725.0  4.68096e+12
 726.0  4.89034e+12
 727.0  5.04351e+12
 728.0  5.20601e+12
 729.0  5.41539e+12
 730.0  5.57688e+12
 731.0  5.79718e+12
 732.0  6.07904e+12
 733.0  6.26589e+12
 734.0  6.40140e+12
 735.0  6.45991e+12
 736.0  6.64868e+12
 737.0  6.89546e+12
 738.0  7.03229e+12
 739.0  7.03740e+12
 740.0  7.08847e+12
 741.0  7.23098e+12
 742.0  7.37577e+12
 743.0  7.49372e+12
 744.0  7.53926e+12
 745.0  7.56735e+12
 746.0  7.63998e+12
 747.0  7.70380e+12
 748.0  7.77804e+12
 749.0  7.89853e+12
 750.0  8.46168e+12
 751.0  8.55580e+12
 752.0  8.57404e+12
 753.0  8.66805e+12
 754.0  8.80603e+12
 755.0  8.88870e+12
 756.0  8.86067e+12
 757.0  8.85176e+12
 758.0  8.46628e+12
 759.0  8.06841e+12
 760.0  7.70802e+12
 761.0  7.38526e+12
 762.0  7.10028e+12
 763.0  6.85324e+12
 764.0  6.64429e+12
 765.0  6.47358e+12
 766.0  6.34126e+12
 767.0  6.24749e+12
 768.0  6.19241e+12
 769.0  6.17618e+12
 770.0  6.19895e+12
 771.0  6.26088e+12
 772.0  6.36211e+12
 773.0  6.50280e+12
 774.0  6.68309e+12
 775.0  6.88183e+12
 776.0  7.04359e+12
 777.0  7.16251e+12
 778.0  7.19457e+12
 779.0  7.24697e+12
 780.0  7.55582e+12
 781.0  7.73651e+12
 782.0  7.63108e+12
 783.0  7.54097e+12
 784.0  7.67793e+12
 785.0  7.87337e+12
 786.0  7.96719e+12
 787.0  8.07743e+12
 788.0  8.25219e+12
 789.0  8.35590e+12
 790.0  8.26204e+12
 791.0  8.24154e+12
 792.0  8.39967e+12
 793.0  8.12120e+12
 794.0  8.21043e+12
 795.0  8.33159e+12
 796.0  8.55952e+12
 797.0  8.64237e+12
 798.0  8.66449e+12
 799.0  8.68751e+12
 800.0  8.83209e+12
 801.0  9.00995e+12
 802.0  9.18935e+12
 803.0  9.29309e+12
 804.0  9.42065e+12
 805.0  9.54647e+12
 806.0  9.64988e+12
 807.0  9.71484e+12
 808.0  9.76330e+12
 809.0  9.84100e+12
 810.0  9.90894e+12
 811.0  9.91906e+12
 812.0  9.82183e+12
 813.0  9.63346e+12
 814.0  9.36748e+12
 815.0  9.14688e+12
 816.0  9.04089e+12
 817.0  8.69334e+12
 818.0  8.18660e+12
 819.0  8.23373e+12
 820.0  9.15724e+12
 821.0  9.72478e+12
 822.0  9.27073e+12
 823.0  9.41096e+12
 824.0  9.62716e+12
 825.0  1.01082e+13
 826.0  1.02058e+13
 827.0  9.99013e+12
 828.0  9.27165e+12
 829.0  9.24535e+12
 830.0  9.83543e+12
 831.0  9.87901e+12
 832.0  9.70964e+12
 833.0  9.26401e+12
 834.0  9.46602e+12
 835.0  9.44963e+12
 836.0  1.00615e+13
 837.0  9.87403e+12
 838.0  8.96448e+12
 839.0  9.38778e+12
 840.0  1.02622e+13
 841.0  1.01102e+13
 842.0  9.88145e+12
 843.0  9.41268e+12
 844.0  9.06187e+12
 845.0  9.52413e+12
 846.0  9.36559e+12
 847.0  9.47519e+12
 848.0  9.12201e+12
 849.0  8.97231e+12
 850.0  9.49784e+12
 851.0  9.28369e+12
 852.0  9.45896e+12
 853.0  9.23045e+12
 854.0  8.50501e+12
 855.0  9.80072e+12
 856.0  9.85704e+12
 857.0  9.93834e+12
 858.0  9.99930e+12
 859.0  9.45405e+12
 860.0  9.47393e+12
 861.0  1.00050e+13
 862.0  1.00896e+13
 863.0  1.01031e+13
 864.0  1.01219e+13
 865.0  9.83664e+12
 866.0  9.56564e+12
 867.0  1.00030e+13
 868.0  9.79548e+12
 869.0  9.78670e+12
 870.0  9.55842e+12
 871.0  1.00074e+13
 872.0  1.01943e+13
 873.0  1.02585e+13
 874.0  1.04542e+13
 875.0  1.05474e+13
 876.0  1.06057e+13
 877.0  1.06434e+13
 878.0  1.08008e+13
 879.0  1.07637e+13
 880.0  9.87720e+12
 881.0  1.16410e+13
 882.0  1.07403e+13
 883.0  1.11859e+13
 884.0  1.11087e+13
 885.0  1.10459e+13
 886.0  1.04744e+13
 887.0  1.03414e+13
 888.0  1.06322e+13
 889.0  1.06105e+13
 890.0  1.02025e+13
 891.0  1.08221e+13
 892.0  1.15168e+13
 893.0  1.08108e+13
 894.0  1.06481e+13
 895.0  1.05673e+13
 896.0  1.04085e+13
 897.0  1.04686e+13
 898.0  1.02116e+13
 899.0  1.01376e+13
 900.0  1.09500e+13
