   1.0  6.72477e+06
   2.0  1.48415e+07
   3.0  6.55051e+06
   4.0  1.34888e+07
   5.0  2.25228e+07
   6.0  2.91685e+07
   7.0  2.83629e+07
   8.0  2.57470e+07
   9.0  2.18351e+07
  10.0  1.26131e+07
  11.0  6.03621e+06
  12.0  3.32594e+06
  13.0  2.61468e+06
  14.0  1.77091e+07
  15.0  3.06730e+07
  16.0  4.36181e+07
  17.0  4.92330e+08
  18.0  7.68417e+08
  19.0  5.05515e+08
  20.0  4.32801e+08
  21.0  3.29687e+08
  22.0  2.34229e+08
  23.0  1.56155e+08
  24.0  9.16162e+07
  25.0  2.23279e+08
  26.0  2.21832e+08
  27.0  1.82771e+08
  28.0  2.58245e+08
  29.0  2.03078e+08
  30.0  1.08680e+09
  31.0  1.24935e+09
  32.0  4.82276e+08
  33.0  5.64543e+08
  34.0  4.16066e+08
  35.0  2.43939e+08
  36.0  2.72392e+08
  37.0  1.88790e+08
  38.0  4.06655e+07
  39.0  2.48436e+07
  40.0  3.38204e+07
  41.0  6.19049e+07
  42.0  5.20812e+07
  43.0  3.68111e+07
  44.0  3.66927e+07
  45.0  2.24515e+07
  46.0  5.53123e+07
  47.0  6.18623e+07
  48.0  4.80241e+07
  49.0  1.35862e+08
  50.0  1.52851e+08
  51.0  6.22608e+07
  52.0  4.37921e+07
  53.0  4.95566e+07
  54.0  3.59723e+07
  55.0  7.89090e+07
  56.0  8.56053e+07
  57.0  4.04556e+07
  58.0  1.36374e+08
  59.0  1.42713e+08
  60.0  1.26383e+08
  61.0  1.34968e+08
  62.0  1.74013e+08
  63.0  1.79764e+08
  64.0  4.52020e+07
  65.0  1.53403e+07
  66.0  1.29564e+07
  67.0  1.25504e+07
  68.0  2.86387e+07
  69.0  3.91563e+07
  70.0  6.13049e+07
  71.0  6.47492e+07
  72.0  3.49087e+07
  73.0  3.48995e+07
  74.0  4.46827e+07
  75.0  6.32266e+07
  76.0  1.36651e+08
  77.0  1.89104e+08
  78.0  2.19608e+08
  79.0  1.91321e+08
  80.0  1.25508e+08
  81.0  1.37561e+08
  82.0  1.83532e+08
  83.0  2.99983e+08
  84.0  3.30710e+08
  85.0  2.97821e+08
  86.0  3.27035e+08
  87.0  3.72863e+08
  88.0  4.39195e+08
  89.0  5.25014e+08
  90.0  6.34678e+08
  91.0  6.12704e+08
  92.0  3.64249e+08
  93.0  1.81661e+08
  94.0  1.46912e+08
  95.0  9.76148e+07
  96.0  7.38491e+07
  97.0  7.18822e+08
  98.0  7.66030e+08
  99.0  2.00941e+08
 100.0  1.73050e+08
 101.0  1.08653e+08
 102.0  5.95681e+08
 103.0  1.10214e+09
 104.0  6.48250e+08
 105.0  1.54324e+08
 106.0  1.39376e+08
 107.0  1.41444e+08
 108.0  1.96866e+08
 109.0  2.08252e+08
 110.0  1.74659e+08
 111.0  1.74383e+08
 112.0  1.75893e+08
 113.0  1.64797e+08
 114.0  1.22237e+08
 115.0  1.23469e+08
 116.0  1.26031e+08
 117.0  2.24539e+08
 118.0  1.29462e+08
 119.0  3.40044e+08
 120.0  3.11475e+08
 121.0  9.70352e+10
 122.0  1.09254e+08
 123.0  2.06544e+08
 124.0  1.36627e+08
 125.0  1.07674e+08
 126.0  1.14015e+08
 127.0  1.07830e+08
 128.0  5.43420e+07
 129.0  5.19104e+07
 130.0  8.05905e+07
 131.0  1.19772e+08
 132.0  9.72461e+07
 133.0  3.04999e+08
 134.0  1.16717e+08
 135.0  2.17025e+08
 136.0  1.45204e+08
 137.0  1.86552e+08
 138.0  1.47168e+08
 139.0  2.09090e+08
 140.0  1.37157e+08
 141.0  8.73676e+07
 142.0  1.02897e+08
 143.0  9.81231e+07
 144.0  8.74377e+07
 145.0  1.15743e+08
 146.0  1.54118e+08
 147.0  1.36370e+08
 148.0  1.43045e+08
 149.0  1.35817e+08
 150.0  1.28809e+08
 151.0  1.40450e+08
 152.0  1.87164e+08
 153.0  1.65225e+08
 154.0  5.66384e+08
 155.0  3.07820e+08
 156.0  2.14550e+08
 157.0  9.44186e+07
 158.0  1.14362e+08
 159.0  2.29060e+08
 160.0  2.40442e+08
 161.0  2.19994e+08
 162.0  2.53168e+08
 163.0  2.51900e+08
 164.0  5.21217e+08
 165.0  5.30400e+08
 166.0  4.23956e+08
 167.0  5.12625e+08
 168.0  3.36134e+08
 169.0  4.07096e+08
 170.0  4.99540e+08
 171.0  4.20584e+08
 172.0  4.43320e+08
 173.0  3.08854e+08
 174.0  3.21245e+08
 175.0  3.90705e+08
 176.0  1.19612e+08
 177.0  1.20290e+08
 178.0  1.20968e+08
 179.0  1.21645e+08
 180.0  1.22323e+08
 181.0  1.23001e+08
 182.0  1.23678e+08
 183.0  1.24356e+08
 184.0  1.25034e+08
 185.0  1.25711e+08
 186.0  1.26389e+08
 187.0  1.27067e+08
 188.0  1.27745e+08
 189.0  1.28422e+08
 190.0  1.29100e+08
 191.0  1.29778e+08
 192.0  1.30455e+08
 193.0  1.31133e+08
 194.0  1.31811e+08
 195.0  1.32488e+08
 196.0  1.33166e+08
 197.0  1.33844e+08
 198.0  1.34522e+08
 199.0  1.35199e+08
 200.0  1.35877e+08
 201.0  1.36555e+08
 202.0  1.37232e+08
 203.0  1.37910e+08
 204.0  1.38588e+08
 205.0  1.39265e+08
 206.0  1.39943e+08
 207.0  1.40621e+08
 208.0  1.41299e+08
 209.0  1.41976e+08
 210.0  2.90927e+08
 211.0  1.61034e+08
 212.0  2.19410e+08
 213.0  1.99343e+08
 214.0  1.32007e+08
 215.0  1.63021e+08
 216.0  1.47110e+08
 217.0  9.93487e+07
 218.0  1.00202e+08
 219.0  1.38387e+08
 220.0  1.75430e+08
 221.0  2.27498e+08
 222.0  1.80956e+08
 223.0  9.17360e+07
 224.0  1.49732e+08
 225.0  1.60544e+08
 226.0  2.38091e+08
 227.0  1.15339e+08
 228.0  2.72897e+08
 229.0  1.63598e+08
 230.0  1.57246e+08
 231.0  1.51326e+08
 232.0  2.66358e+08
 233.0  7.87468e+08
 234.0  3.64874e+08
 235.0  2.77251e+08
 236.0  4.60771e+08
 237.0  3.25989e+08
 238.0  7.78566e+08
 239.0  3.32062e+08
 240.0  3.90139e+08
 241.0  2.78245e+08
 242.0  1.92390e+08
 243.0  1.92748e+08
 244.0  1.44002e+08
 245.0  7.77133e+07
 246.0  1.96230e+08
 247.0  2.53562e+08
 248.0  3.81332e+08
 249.0  3.56202e+08
 250.0  2.88431e+08
 251.0  3.18022e+08
 252.0  3.15375e+08
 253.0  4.08930e+08
 254.0  5.11910e+08
 255.0  4.27925e+08
 256.0  4.06732e+08
 257.0  5.27914e+08
 258.0  6.94968e+08
 259.0  6.51663e+08
 260.0  1.23501e+09
 261.0  1.21155e+09
 262.0  1.83826e+09
 263.0  1.65800e+09
 264.0  1.12236e+09
 265.0  1.23760e+09
 266.0  1.38272e+09
 267.0  1.56383e+09
 268.0  1.34343e+09
 269.0  1.11407e+09
 270.0  1.46012e+09
 271.0  1.69455e+09
 272.0  1.25054e+09
 273.0  1.85368e+09
 274.0  2.00921e+09
 275.0  2.42084e+09
 276.0  2.65297e+09
 277.0  3.03340e+09
 278.0  2.88878e+09
 279.0  1.36431e+10
 280.0  1.06978e+10
 281.0  2.94532e+09
 282.0  2.76813e+09
 283.0  2.96884e+09
 284.0  2.37510e+09
 285.0  1.44401e+09
 286.0  2.91373e+09
 287.0  3.43064e+09
 288.0  4.48816e+09
 289.0  4.97351e+09
 290.0  5.21905e+09
 291.0  5.70684e+09
 292.0  6.15497e+09
 293.0  5.17736e+09
 294.0  4.90774e+09
 295.0  5.12318e+09
 296.0  4.90600e+09
 297.0  5.39841e+09
 298.0  5.49636e+09
 299.0  6.11710e+09
 300.0  5.95826e+09
 301.0  6.74956e+09
 302.0  4.70969e+09
 303.0  5.75680e+09
 304.0  6.21839e+09
 305.0  7.18375e+09
 306.0  7.30444e+09
 307.0  8.42802e+09
 308.0  8.54974e+09
 309.0  7.80919e+09
 310.0  6.93158e+09
 311.0  6.51003e+09
 312.0  1.18600e+10
 313.0  2.11393e+10
 314.0  1.39093e+10
 315.0  2.01873e+10
 316.0  2.84848e+10
 317.0  2.19333e+10
 318.0  4.52524e+10
 319.0  1.90863e+10
 320.0  3.18817e+10
 321.0  3.07058e+10
 322.0  3.40764e+10
 323.0  2.82980e+10
 324.0  2.06568e+10
 325.0  6.02065e+10
 326.0  3.81155e+10
 327.0  6.93622e+10
 328.0  1.09301e+11
 329.0  1.03567e+11
 330.0  9.24840e+10
 331.0  1.04091e+11
 332.0  1.13593e+11
 333.0  1.29197e+11
 334.0  1.33266e+11
 335.0  8.97244e+10
 336.0  7.87217e+10
 337.0  7.65199e+10
 338.0  9.31472e+10
 339.0  5.06196e+10
 340.0  1.34072e+11
 341.0  5.69820e+10
 342.0  7.13382e+10
 343.0  7.08311e+10
 344.0  2.98116e+10
 345.0  8.80213e+10
 346.0  5.00604e+10
 347.0  6.99875e+10
 348.0  1.10586e+11
 349.0  5.07651e+10
 350.0  1.22018e+11
 351.0  7.78350e+10
 352.0  7.20293e+10
 353.0  1.33789e+11
 354.0  2.00326e+11
 355.0  1.67044e+11
 356.0  9.71500e+10
 357.0  5.62712e+10
 358.0  3.28613e+10
 359.0  6.49297e+10
 360.0  9.03465e+10
 361.0  1.09942e+11
 362.0  1.29194e+11
 363.0  7.09761e+10
 364.0  2.18617e+11
 365.0  1.90625e+11
 366.0  3.48118e+11
 367.0  2.82122e+11
 368.0  1.33977e+11
 369.0  3.17712e+11
 370.0  1.78287e+11
 371.0  1.49621e+11
 372.0  5.95663e+10
 373.0  4.81211e+10
 374.0  6.55429e+10
 375.0  1.09127e+11
 376.0  1.49388e+11
 377.0  3.54959e+11
 378.0  3.91619e+11
 379.0  2.46427e+11
 380.0  3.29254e+11
 381.0  2.14608e+11
 382.0  7.05742e+10
 383.0  1.59058e+11
 384.0  1.81957e+11
 385.0  1.63649e+11
 386.0  1.09741e+11
 387.0  2.49868e+11
 388.0  1.51708e+11
 389.0  1.73268e+11
 390.0  1.49280e+11
 391.0  3.68658e+11
 392.0  1.55210e+11
 393.0  1.51899e+11
 394.0  1.07137e+11
 395.0  2.51740e+11
 396.0  1.10365e+11
 397.0  3.68105e+11
 398.0  6.16814e+11
 399.0  5.96732e+11
 400.0  6.38807e+11
 401.0  7.96751e+11
 402.0  5.20418e+11
 403.0  1.98678e+11
 404.0  5.69775e+11
 405.0  7.39838e+11
 406.0  5.18034e+11
 407.0  5.83872e+11
 408.0  9.19404e+11
 409.0  6.89117e+11
 410.0  5.53683e+11
 411.0  7.68156e+11
 412.0  8.65711e+11
 413.0  7.47132e+11
 414.0  6.36645e+11
 415.0  6.94389e+11
 416.0  8.28118e+11
 417.0  5.73244e+11
 418.0  6.91649e+11
 419.0  6.16503e+11
 420.0  4.27019e+11
 421.0  2.95454e+11
 422.0  1.03166e+11
 423.0  1.49892e+11
 424.0  3.28584e+11
 425.0  2.12621e+11
 426.0  5.85998e+11
 427.0  3.28844e+11
 428.0  6.74574e+11
 429.0  5.67270e+11
 430.0  7.76684e+11
 431.0  8.77146e+11
 432.0  9.21204e+11
 433.0  6.44479e+11
 434.0  9.84181e+11
 435.0  7.83514e+11
 436.0  1.55040e+12
 437.0  1.19067e+12
 438.0  6.19846e+11
 439.0  1.35216e+12
 440.0  8.23128e+11
 441.0  1.18935e+12
 442.0  1.31380e+12
 443.0  1.58237e+12
 444.0  1.74015e+12
 445.0  1.52269e+12
 446.0  1.16170e+12
 447.0  1.61082e+12
 448.0  1.57925e+12
 449.0  1.28608e+12
 450.0  1.93896e+12
 451.0  1.28893e+12
 452.0  1.06605e+12
 453.0  6.97869e+11
 454.0  1.10999e+12
 455.0  1.50323e+12
 456.0  1.55918e+12
 457.0  1.57444e+12
 458.0  1.31475e+12
 459.0  1.18609e+12
 460.0  9.95782e+11
 461.0  1.78886e+12
 462.0  1.89247e+12
 463.0  1.45672e+12
 464.0  1.32321e+12
 465.0  1.30629e+12
 466.0  1.62885e+12
 467.0  1.43398e+12
 468.0  1.67881e+12
 469.0  1.87257e+12
 470.0  1.68382e+12
 471.0  1.59563e+12
 472.0  1.59141e+12
 473.0  1.58395e+12
 474.0  1.48240e+12
 475.0  2.09198e+12
 476.0  1.17702e+12
 477.0  1.03776e+12
 478.0  9.10918e+11
 479.0  1.50037e+12
 480.0  1.52319e+12
 481.0  1.19167e+12
 482.0  1.29440e+12
 483.0  1.71352e+12
 484.0  1.71093e+12
 485.0  1.55280e+12
 486.0  1.30903e+12
 487.0  1.76460e+12
 488.0  1.96412e+12
 489.0  1.85263e+12
 490.0  2.12226e+12
 491.0  2.10749e+12
 492.0  2.03772e+12
 493.0  2.41225e+12
 494.0  1.98451e+12
 495.0  2.09821e+12
 496.0  1.02303e+12
 497.0  1.25897e+12
 498.0  1.09628e+12
 499.0  1.13759e+12
 500.0  1.07468e+12
 501.0  1.12874e+12
 502.0  1.43770e+12
 503.0  2.09048e+12
 504.0  1.62049e+12
 505.0  1.56880e+12
 506.0  1.46709e+12
 507.0  1.56149e+12
 508.0  1.52283e+12
 509.0  1.39245e+12
 510.0  1.50344e+12
 511.0  1.57684e+12
 512.0  2.13743e+12
 513.0  2.04121e+12
 514.0  1.43793e+12
 515.0  1.00522e+12
 516.0  2.52851e+12
 517.0  8.65450e+11
 518.0  6.68910e+11
 519.0  1.11261e+12
 520.0  9.74436e+11
 521.0  1.14094e+12
 522.0  1.86111e+12
 523.0  2.79883e+12
 524.0  2.58750e+12
 525.0  2.95987e+12
 526.0  1.90879e+12
 527.0  2.06117e+12
 528.0  2.95945e+12
 529.0  2.05979e+12
 530.0  2.49187e+12
 531.0  2.98843e+12
 532.0  2.80862e+12
 533.0  2.42612e+12
 534.0  2.94654e+12
 535.0  3.26177e+12
 536.0  3.10221e+12
 537.0  2.72910e+12
 538.0  3.35983e+12
 539.0  2.94030e+12
 540.0  2.65241e+12
 541.0  2.90398e+12
 542.0  3.16860e+12
 543.0  1.68795e+12
 544.0  3.22966e+12
 545.0  1.55233e+12
 546.0  1.59076e+12
 547.0  2.66851e+12
 548.0  3.19608e+12
 549.0  2.99461e+12
 550.0  2.25065e+12
 551.0  1.92403e+12
 552.0  2.10223e+12
 553.0  2.28826e+12
 554.0  2.96776e+12
 555.0  3.33441e+12
 556.0  2.86113e+12
 557.0  2.68129e+12
 558.0  3.03130e+12
 559.0  1.99117e+12
 560.0  1.95262e+12
 561.0  2.38465e+12
 562.0  2.85782e+12
 563.0  2.25271e+12
 564.0  2.60915e+12
 565.0  3.50250e+12
 566.0  2.73045e+12
 567.0  2.64557e+12
 568.0  2.86936e+12
 569.0  3.26860e+12
 570.0  3.01642e+12
 571.0  3.83753e+12
 572.0  3.43469e+12
 573.0  3.33397e+12
 574.0  3.90969e+12
 575.0  3.68889e+12
 576.0  3.10963e+12
 577.0  3.33704e+12
 578.0  3.61040e+12
 579.0  4.00927e+12
 580.0  3.91039e+12
 581.0  3.76025e+12
 582.0  3.11148e+12
 583.0  3.57155e+12
 584.0  3.56694e+12
 585.0  2.81064e+12
 586.0  2.78656e+12
 587.0  2.43140e+12
 588.0  1.72676e+12
 589.0  8.57086e+11
 590.0  1.59136e+12
 591.0  2.20531e+12
 592.0  2.44286e+12
 593.0  2.41223e+12
 594.0  2.64352e+12
 595.0  2.23600e+12
 596.0  2.26313e+12
 597.0  2.60359e+12
 598.0  2.75479e+12
 599.0  2.99063e+12
 600.0  2.89337e+12
 601.0  3.14642e+12
 602.0  3.12539e+12
 603.0  3.26534e+12
 604.0  3.55740e+12
 605.0  3.47371e+12
 606.0  3.64785e+12
 607.0  4.00160e+12
 608.0  3.93240e+12
 609.0  4.29196e+12
 610.0  4.37421e+12
 611.0  4.17646e+12
 612.0  4.11767e+12
 613.0  4.50149e+12
 614.0  4.48775e+12
 615.0  3.82674e+12
 616.0  2.32132e+12
 617.0  2.79091e+12
 618.0  2.16194e+12
 619.0  2.20903e+12
 620.0  2.25006e+12
 621.0  2.36284e+12
 622.0  1.79765e+12
 623.0  2.24153e+12
 624.0  1.96914e+12
 625.0  1.82218e+12
 626.0  2.53570e+12
 627.0  2.32603e+12
 628.0  2.17881e+12
 629.0  2.48175e+12
 630.0  2.68963e+12
 631.0  2.83555e+12
 632.0  3.11052e+12
 633.0  3.49197e+12
 634.0  3.82015e+12
 635.0  3.84329e+12
 636.0  3.36901e+12
 637.0  3.10153e+12
 638.0  2.71412e+12
 639.0  3.01635e+12
 640.0  3.55132e+12
 641.0  4.13496e+12
 642.0  4.76932e+12
 643.0  4.82565e+12
 644.0  4.31463e+12
 645.0  4.01998e+12
 646.0  4.43339e+12
 647.0  4.82113e+12
 648.0  4.77266e+12
 649.0  4.03669e+12
 650.0  5.04042e+12
 651.0  5.60394e+12
 652.0  5.15157e+12
 653.0  5.90302e+12
 654.0  4.63567e+12
 655.0  4.95025e+12
 656.0  4.89662e+12
 657.0  4.45294e+12
 658.0  5.32863e+12
 659.0  5.14475e+12
 660.0  5.20330e+12
 661.0  4.17935e+12
 662.0  4.01964e+12
 663.0  4.32420e+12
 664.0  4.31024e+12
 665.0  3.88281e+12
 666.0  3.76798e+12
 667.0  3.90795e+12
 668.0  3.18614e+12
 669.0  2.96315e+12
 670.0  3.80172e+12
 671.0  3.44084e+12
 672.0  2.78803e+12
 673.0  2.99266e+12
 674.0  3.03641e+12
 675.0  2.72214e+12
 676.0  3.10659e+12
 677.0  3.12854e+12
 678.0  2.67486e+12
 679.0  2.97703e+12
 680.0  3.24343e+12
 681.0  3.14292e+12
 682.0  3.18876e+12
 683.0  3.19521e+12
 684.0  3.37811e+12
 685.0  2.54503e+12
 686.0  3.35463e+12
 687.0  3.06301e+12
 688.0  2.81111e+12
 689.0  2.69511e+12
 690.0  2.67199e+12
 691.0  3.11522e+12
 692.0  2.97505e+12
 693.0  2.70267e+12
 694.0  2.42514e+12
 695.0  3.91624e+12
 696.0  3.50601e+12
 697.0  3.52205e+12
 698.0  3.73663e+12
 699.0  3.97010e+12
 700.0  3.98169e+12
 701.0  4.24653e+12
 702.0  4.47802e+12
 703.0  7.11007e+12
 704.0  8.06049e+12
 705.0  6.45607e+12
 706.0  4.93059e+12
 707.0  4.06319e+12
 708.0  5.14830e+12
 709.0  4.08741e+12
 710.0  3.66140e+12
 711.0  3.92981e+12
 712.0  4.57234e+12
 713.0  2.92715e+12
 714.0  2.78885e+12
 715.0  4.31343e+12
 716.0  3.67292e+12
 717.0  2.89637e+12
 718.0  4.88455e+12
 719.0  3.86881e+12
 720.0  3.30376e+12
 721.0  3.42923e+12
 722.0  4.99026e+12
 723.0  4.83840e+12
 724.0  5.14985e+12
 725.0  4.59628e+12
 726.0  5.16176e+12
 727.0  6.40455e+12
 728.0  6.26693e+12
 729.0  6.36594e+12
 730.0  6.95357e+12
 731.0  7.57230e+12
 732.0  7.15398e+12
 733.0  7.91281e+12
 734.0  7.76408e+12
 735.0  7.72905e+12
 736.0  7.02229e+12
 737.0  7.68975e+12
 738.0  8.66661e+12
 739.0  8.34785e+12
 740.0  8.51367e+12
 741.0  8.20774e+12
 742.0  8.47043e+12
 743.0  9.03899e+12
 744.0  8.76364e+12
 745.0  8.74326e+12
 746.0  8.38552e+12
 747.0  8.70334e+12
 748.0  9.19926e+12
 749.0  8.97176e+12
 750.0  9.45382e+12
 751.0  9.48362e+12
 752.0  9.47201e+12
 753.0  9.58657e+12
 754.0  9.45221e+12
 755.0  9.95052e+12
 756.0  9.99174e+12
 757.0  9.68889e+12
 758.0  9.56546e+12
 759.0  7.91472e+12
 760.0  8.50851e+12
 761.0  7.86611e+12
 762.0  9.26880e+12
 763.0  6.91428e+12
 764.0  8.72003e+12
 765.0  7.22067e+12
 766.0  7.61316e+12
 767.0  6.24416e+12
 768.0  5.77698e+12
 769.0  7.83625e+12
 770.0  6.09225e+12
 771.0  6.51136e+12
 772.0  6.51752e+12
 773.0  7.73895e+12
 774.0  7.89994e+12
 775.0  6.78226e+12
 776.0  5.42247e+12
 777.0  5.70164e+12
 778.0  6.46575e+12
 779.0  7.08816e+12
 780.0  7.70209e+12
 781.0  7.46672e+12
 782.0  7.82830e+12
 783.0  7.40754e+12
 784.0  6.80760e+12
 785.0  7.26475e+12
 786.0  6.82241e+12
 787.0  7.17590e+12
 788.0  7.70474e+12
 789.0  8.29892e+12
 790.0  7.75657e+12
 791.0  7.62745e+12
 792.0  7.79951e+12
 793.0  8.20048e+12
 794.0  8.02875e+12
 795.0  8.18786e+12
 796.0  8.99489e+12
 797.0  8.71768e+12
 798.0  8.57925e+12
 799.0  8.84199e+12
 800.0  8.63797e+12
 801.0  8.71068e+12
 802.0  9.40378e+12
 803.0  9.82026e+12
 804.0  9.71466e+12
 805.0  1.00634e+13
 806.0  1.05354e+13
 807.0  1.03414e+13
 808.0  1.04988e+13
 809.0  1.04711e+13
 810.0  1.04394e+13
 811.0  1.09893e+13
 812.0  1.13981e+13
 813.0  1.12759e+13
 814.0  1.16404e+13
 815.0  1.17225e+13
 816.0  1.19469e+13
 817.0  1.16840e+13
 818.0  1.00960e+13
 819.0  9.98849e+12
 820.0  1.11481e+13
 821.0  1.14410e+13
 822.0  1.18077e+13
 823.0  1.17764e+13
 824.0  1.15682e+13
 825.0  1.15764e+13
 826.0  1.19505e+13
 827.0  1.20361e+13
 828.0  1.16476e+13
 829.0  1.12087e+13
 830.0  1.15456e+13
 831.0  1.11934e+13
 832.0  1.11193e+13
 833.0  1.09617e+13
 834.0  1.04304e+13
 835.0  1.02392e+13
 836.0  9.82659e+12
 837.0  1.00160e+13
 838.0  9.73646e+12
 839.0  7.87365e+12
 840.0  9.76792e+12
 841.0  8.87326e+12
 842.0  8.55297e+12
 843.0  8.45527e+12
 844.0  8.99396e+12
 845.0  9.63512e+12
 846.0  9.31559e+12
 847.0  8.55760e+12
 848.0  9.12653e+12
 849.0  9.24066e+12
 850.0  9.33410e+12
 851.0  9.64871e+12
 852.0  9.99143e+12
 853.0  9.89194e+12
 854.0  9.11569e+12
 855.0  1.01472e+13
 856.0  9.83201e+12
 857.0  1.05933e+13
 858.0  1.11664e+13
 859.0  1.07362e+13
 860.0  1.03733e+13
 861.0  1.08297e+13
 862.0  1.06089e+13
 863.0  1.13944e+13
 864.0  1.12544e+13
 865.0  1.10708e+13
 866.0  9.82478e+12
 867.0  1.12337e+13
 868.0  1.07320e+13
 869.0  1.01000e+13
 870.0  1.10839e+13
 871.0  1.16216e+13
 872.0  1.15927e+13
 873.0  1.15464e+13
 874.0  1.14654e+13
 875.0  1.17530e+13
 876.0  1.19352e+13
 877.0  1.13159e+13
 878.0  1.18365e+13
 879.0  1.19916e+13
 880.0  1.21260e+13
 881.0  1.18181e+13
 882.0  1.11822e+13
 883.0  1.21708e+13
 884.0  1.23876e+13
 885.0  1.24685e+13
 886.0  1.17289e+13
 887.0  1.13667e+13
 888.0  1.17432e+13
 889.0  1.16438e+13
 890.0  1.15316e+13
 891.0  1.15492e+13
 892.0  1.19354e+13
 893.0  1.24839e+13
 894.0  1.18424e+13
 895.0  1.20693e+13
 896.0  1.18455e+13
 897.0  1.22726e+13
 898.0  1.19719e+13
 899.0  1.15512e+13
 900.0  1.01110e+13
