 C2H6                                                   C2H4       H2                                           3.821E-07  0.000E+00  3.389E+04  1.470E+00  0.000E+00  1.000E+00  1.000E+00  1.000E+00  1.000E+00  1.000E+00  1.000E+00  1.000E+00  1.000E+00  1.000E+00  1.000E+00  1.000E+00  1.000E+00  1.000E+00  1.000E+00  1.000E+00  1.000E+00  1.000E+00  1.000E+00  1.000E+00  1.000E+00  1.000E+00  1.000E+00
 CHCO                                                   CH         CO                                           9.967E-09  0.000E+00  2.956E+04  1.260E+00  0.000E+00  1.000E+00  1.000E+00  1.000E+00  1.000E+00  1.000E+00  1.000E+00  1.000E+00  1.000E+00  1.000E+00  1.000E+00  1.000E+00  1.000E+00  1.000E+00  1.000E+00  1.000E+00  1.000E+00  1.000E+00  1.000E+00  1.000E+00  1.000E+00  1.000E+00  1.000E+00
 1C2H4OH                                                CH3CHO     H                                            8.306E-11  0.000E+00  1.099E+04  1.260E+00  0.000E+00  1.000E+00  1.000E+00  1.000E+00  1.000E+00  1.000E+00  1.000E+00  1.000E+00  1.000E+00  1.000E+00  1.000E+00  1.000E+00  1.000E+00  1.000E+00  1.000E+00  1.000E+00  1.000E+00  1.000E+00  1.000E+00  1.000E+00  1.000E+00  1.000E+00  1.000E+00
 NH                                                     N4S        H                                            4.402E-10  0.000E+00  3.796E+04  1.100E+00  0.000E+00  1.000E+00  1.000E+00  1.000E+00  1.000E+00  1.000E+00  1.000E+00  1.000E+00  1.000E+00  1.000E+00  1.000E+00  1.000E+00  1.000E+00  1.000E+00  1.000E+00  1.000E+00  1.000E+00  1.000E+00  1.000E+00  1.000E+00  1.000E+00  1.000E+00  1.000E+00
 NH2                                                    NH         H                                            5.249E-01 -2.000E+00  4.595E+04  1.100E+00  0.000E+00  1.000E+00  1.000E+00  1.000E+00  1.000E+00  1.000E+00  1.000E+00  1.000E+00  1.000E+00  1.000E+00  1.000E+00  1.000E+00  1.000E+00  1.000E+00  1.000E+00  1.000E+00  1.000E+00  1.000E+00  1.000E+00  1.000E+00  1.000E+00  1.000E+00  1.000E+00
 NH3                                                    NH2        H                                            3.654E-08  0.000E+00  4.699E+04  1.100E+00  0.000E+00  1.000E+00  1.000E+00  1.000E+00  1.000E+00  1.000E+00  1.000E+00  1.000E+00  1.000E+00  1.000E+00  1.000E+00  1.000E+00  1.000E+00  1.000E+00  1.000E+00  1.000E+00  1.000E+00  1.000E+00  1.000E+00  1.000E+00  1.000E+00  1.000E+00  1.000E+00
 NH3                                                    NH         H2                                           1.047E-09  0.000E+00  4.695E+04  1.100E+00  0.000E+00  1.000E+00  1.000E+00  1.000E+00  1.000E+00  1.000E+00  1.000E+00  1.000E+00  1.000E+00  1.000E+00  1.000E+00  1.000E+00  1.000E+00  1.000E+00  1.000E+00  1.000E+00  1.000E+00  1.000E+00  1.000E+00  1.000E+00  1.000E+00  1.000E+00  1.000E+00
 NNH                                                    N2         H                                            1.661E-11  5.000E-01  1.538E+03  1.100E+00  0.000E+00  1.000E+00  1.000E+00  1.000E+00  1.000E+00  1.000E+00  1.000E+00  1.000E+00  1.000E+00  1.000E+00  1.000E+00  1.000E+00  1.000E+00  1.000E+00  1.000E+00  1.000E+00  1.000E+00  1.000E+00  1.000E+00  1.000E+00  1.000E+00  1.000E+00  1.000E+00
 N2H3                                                   NH2        NH                                           8.306E-08  0.000E+00  3.017E+04  1.100E+00  0.000E+00  1.000E+00  1.000E+00  1.000E+00  1.000E+00  1.000E+00  1.000E+00  1.000E+00  1.000E+00  1.000E+00  1.000E+00  1.000E+00  1.000E+00  1.000E+00  1.000E+00  1.000E+00  1.000E+00  1.000E+00  1.000E+00  1.000E+00  1.000E+00  1.000E+00  1.000E+00
 N2H3                                                   N2H2       H                                            1.661E-08  0.000E+00  1.860E+04  1.100E+00  0.000E+00  1.000E+00  1.000E+00  1.000E+00  1.000E+00  1.000E+00  1.000E+00  1.000E+00  1.000E+00  1.000E+00  1.000E+00  1.000E+00  1.000E+00  1.000E+00  1.000E+00  1.000E+00  1.000E+00  1.000E+00  1.000E+00  1.000E+00  1.000E+00  1.000E+00  1.000E+00
 HCN                                                    H          CN                                           5.930E+02 -2.600E+00  6.280E+04  1.100E+00  0.000E+00  1.000E+00  1.000E+00  1.000E+00  1.000E+00  1.000E+00  1.000E+00  1.000E+00  1.000E+00  1.000E+00  1.000E+00  1.000E+00  1.000E+00  1.000E+00  1.000E+00  1.000E+00  1.000E+00  1.000E+00  1.000E+00  1.000E+00  1.000E+00  1.000E+00  1.000E+00
 HNCO                                                   H          NCO                                          8.306E-09  0.000E+00  6.033E+04  1.100E+00  0.000E+00  1.000E+00  1.000E+00  1.000E+00  1.000E+00  1.000E+00  1.000E+00  1.000E+00  1.000E+00  1.000E+00  1.000E+00  1.000E+00  1.000E+00  1.000E+00  1.000E+00  1.000E+00  1.000E+00  1.000E+00  1.000E+00  1.000E+00  1.000E+00  1.000E+00  1.000E+00
 H2CN                                                   HCN        H                                            4.983E-10  0.000E+00  1.106E+04  1.100E+00  0.000E+00  1.000E+00  1.000E+00  1.000E+00  1.000E+00  1.000E+00  1.000E+00  1.000E+00  1.000E+00  1.000E+00  1.000E+00  1.000E+00  1.000E+00  1.000E+00  1.000E+00  1.000E+00  1.000E+00  1.000E+00  1.000E+00  1.000E+00  1.000E+00  1.000E+00  1.000E+00
 NCO                                                    N4S        CO                                           3.654E-10  0.000E+00  2.717E+04  1.100E+00  0.000E+00  1.000E+00  1.000E+00  1.000E+00  1.000E+00  1.000E+00  1.000E+00  1.000E+00  1.000E+00  1.000E+00  1.000E+00  1.000E+00  1.000E+00  1.000E+00  1.000E+00  1.000E+00  1.000E+00  1.000E+00  1.000E+00  1.000E+00  1.000E+00  1.000E+00  1.000E+00
 CH3                                                    3CH2       H                                            4.834E-08  0.000E+00  4.560E+04  1.470E+00  0.000E+00  4.000E-01  7.500E-01  1.500E+00  6.500E+00  3.000E+00  1.000E+00  3.000E+00  3.500E-01  4.000E-01  3.500E-01  1.000E+00  1.000E+00  1.000E+00  1.000E+00  1.000E+00  1.000E+00  1.000E+00  1.000E+00  1.000E+00  1.000E+00  1.000E+00  1.000E+00
 C2H2                                                   C2H        H                                            1.894E-07  0.000E+00  5.380E+04  1.470E+00  0.000E+00  4.000E-01  7.500E-01  1.500E+00  6.500E+00  3.000E+00  1.000E+00  3.000E+00  3.500E-01  4.000E-01  3.500E-01  1.000E+00  1.000E+00  1.000E+00  1.000E+00  1.000E+00  1.000E+00  1.000E+00  1.000E+00  1.000E+00  1.000E+00  1.000E+00  1.000E+00
 C2H4                                                   C2H2       H2                                           1.656E-07  0.000E+00  3.600E+04  1.260E+00  0.000E+00  4.000E-01  7.500E-01  1.500E+00  6.500E+00  3.000E+00  1.000E+00  3.000E+00  3.500E-01  4.000E-01  3.500E-01  1.000E+00  1.000E+00  1.000E+00  1.000E+00  1.000E+00  1.000E+00  1.000E+00  1.000E+00  1.000E+00  1.000E+00  1.000E+00  1.000E+00
 C2H4                                                   C2H3       H                                            1.229E-06  0.000E+00  4.862E+04  1.470E+00  0.000E+00  4.000E-01  7.500E-01  1.500E+00  6.500E+00  3.000E+00  1.000E+00  3.000E+00  3.500E-01  4.000E-01  3.500E-01  1.000E+00  1.000E+00  1.000E+00  1.000E+00  1.000E+00  1.000E+00  1.000E+00  1.000E+00  1.000E+00  1.000E+00  1.000E+00  1.000E+00
 HCO                                                    H          CO                                           3.156E-07 -1.000E+00  8.547E+03  1.260E+00  0.000E+00  1.000E+00  1.500E+00  2.000E+00  6.000E+00  1.000E+00  2.000E+00  1.000E+00  1.000E+00  1.000E+00  1.000E+00  1.000E+00  1.000E+00  1.000E+00  1.000E+00  1.000E+00  1.000E+00  1.000E+00  1.000E+00  1.000E+00  1.000E+00  1.000E+00  1.000E+00
 H2CO                                                   HCO        H                                            2.326E+12 -5.540E+00  4.867E+04  1.260E+00  0.000E+00  4.000E-01  7.500E-01  1.500E+00  6.500E+00  3.000E+00  1.000E+00  3.000E+00  3.500E-01  4.000E-01  3.500E-01  1.000E+00  1.000E+00  1.000E+00  1.000E+00  1.000E+00  1.000E+00  1.000E+00  1.000E+00  1.000E+00  1.000E+00  1.000E+00  1.000E+00
 H2CO                                                   H2         CO                                           5.415E+12 -5.540E+00  4.867E+04  1.260E+00  0.000E+00  4.000E-01  7.500E-01  1.500E+00  6.500E+00  3.000E+00  1.000E+00  3.000E+00  3.500E-01  4.000E-01  3.500E-01  1.000E+00  1.000E+00  1.000E+00  1.000E+00  1.000E+00  1.000E+00  1.000E+00  1.000E+00  1.000E+00  1.000E+00  1.000E+00  1.000E+00
 CH2CO                                                  1CH2       CO                                           1.091E-08  0.000E+00  2.896E+04  1.470E+00  0.000E+00  4.000E-01  7.500E-01  1.500E+00  6.500E+00  3.000E+00  1.000E+00  3.000E+00  3.500E-01  4.000E-01  3.500E-01  1.000E+00  1.000E+00  1.000E+00  1.000E+00  1.000E+00  1.000E+00  1.000E+00  1.000E+00  1.000E+00  1.000E+00  1.000E+00  1.000E+00
 CH2CO                                                  CHCO       H                                            4.485E-07  0.000E+00  4.374E+04  1.260E+00  0.000E+00  4.000E-01  7.500E-01  1.500E+00  6.500E+00  3.000E+00  1.000E+00  3.000E+00  3.500E-01  4.000E-01  3.500E-01  1.000E+00  1.000E+00  1.000E+00  1.000E+00  1.000E+00  1.000E+00  1.000E+00  1.000E+00  1.000E+00  1.000E+00  1.000E+00  1.000E+00
 NO                                                     N4S        O3P                                          1.601E-09  0.000E+00  7.456E+04  1.100E+00  0.000E+00  1.000E+00  1.000E+00  2.500E+00  1.000E+00  1.000E+00  1.000E+00  1.000E+00  1.000E+00  1.500E+00  1.000E+00  1.000E+00  1.000E+00  1.000E+00  1.000E+00  1.000E+00  1.000E+00  1.000E+00  1.000E+00  1.000E+00  1.000E+00  3.000E+00  1.000E+00
 N2                                                     N4S        N4S                                          1.661E+04 -3.330E+00  1.131E+05  1.100E+00  0.000E+00  1.000E+00  1.000E+00  1.000E+00  1.000E+00  1.000E+00  1.000E+00  1.000E+00  1.000E+00  1.000E+00  1.000E+00  1.000E+00  1.000E+00  1.000E+00  1.000E+00  1.000E+00  2.200E+00  1.000E+00  1.000E+00  1.000E+00  1.000E+00  1.000E+00  5.000E+00
 N2H2                                                   NNH        H                                            8.306E-08  0.000E+00  2.514E+04  1.100E+00  0.000E+00  2.000E+00  1.000E+00  1.000E+00  1.500E+01  1.000E+00  2.000E+00  1.000E+00  1.000E+00  2.000E+00  1.000E+00  1.000E+00  1.000E+00  1.000E+00  1.000E+00  1.000E+00  1.000E+00  1.000E+00  1.000E+00  1.000E+00  1.000E+00  1.000E+00  1.000E+00
 N2H2                                                   NH         NH                                           5.249E-08  0.000E+00  4.997E+04  1.100E+00  0.000E+00  2.000E+00  1.000E+00  1.000E+00  1.500E+01  1.000E+00  2.000E+00  1.000E+00  1.000E+00  2.000E+00  1.000E+00  1.000E+00  1.000E+00  1.000E+00  1.000E+00  1.000E+00  1.000E+00  1.000E+00  1.000E+00  1.000E+00  1.000E+00  1.000E+00  1.000E+00
 N2H4                                                   N2H3       H                                            1.661E-09  0.000E+00  3.198E+04  1.100E+00  0.000E+00  1.000E+00  1.000E+00  1.000E+00  1.000E+00  1.000E+00  1.000E+00  1.000E+00  1.000E+00  2.400E+00  1.000E+00  1.000E+00  1.000E+00  1.000E+00  1.000E+00  1.000E+00  1.000E+00  3.000E+00  4.000E+00  1.000E+00  1.000E+00  1.000E+00  1.000E+00
 H2NO                                                   H2         NO                                           1.301E+04 -4.290E+00  3.032E+04  1.100E+00  0.000E+00  1.000E+00  1.000E+00  1.000E+00  1.000E+01  1.000E+00  1.000E+00  1.000E+00  1.000E+00  1.000E+00  1.000E+00  1.000E+00  1.000E+00  1.000E+00  1.000E+00  1.000E+00  1.000E+00  1.000E+00  1.000E+00  1.000E+00  1.000E+00  1.000E+00  1.000E+00
 H2NO                                                   HNO        H                                            4.651E+00 -2.830E+00  3.264E+04  1.100E+00  0.000E+00  1.000E+00  1.000E+00  1.000E+00  1.000E+01  1.000E+00  1.000E+00  1.000E+00  1.000E+00  1.000E+00  1.000E+00  1.000E+00  1.000E+00  1.000E+00  1.000E+00  1.000E+00  1.000E+00  1.000E+00  1.000E+00  1.000E+00  1.000E+00  1.000E+00  1.000E+00
 HNOH                                                   HNO        H                                            3.322E+00 -2.840E+00  2.963E+04  1.100E+00  0.000E+00  1.000E+00  1.000E+00  1.000E+00  1.000E+01  1.000E+00  1.000E+00  1.000E+00  1.000E+00  1.000E+00  1.000E+00  1.000E+00  1.000E+00  1.000E+00  1.000E+00  1.000E+00  1.000E+00  1.000E+00  1.000E+00  1.000E+00  1.000E+00  1.000E+00  1.000E+00
 HNCO                                                   NH         CO                                           1.827E-08  0.000E+00  4.324E+04  1.100E+00  0.000E+00  1.500E+00  1.000E+00  1.000E+00  1.860E+01  1.000E+00  1.000E+00  1.000E+00  1.000E+00  1.500E+00  1.000E+00  1.000E+00  1.000E+00  1.000E+00  1.000E+00  1.000E+00  1.000E+00  1.000E+00  1.000E+00  1.000E+00  1.000E+00  1.000E+00  1.000E+00
 HON                                                    NO         H                                            8.472E-05 -1.700E+00  8.067E+03  1.100E+00  0.000E+00  1.000E+00  1.000E+00  2.000E+00  7.000E+00  1.000E+00  1.000E+00  1.000E+00  7.000E-01  1.000E+00  1.000E+00  1.000E+00  1.000E+00  1.000E+00  1.000E+00  1.000E+00  1.000E+00  1.000E+00  1.000E+00  1.000E+00  1.000E+00  1.000E+00  1.000E+00
 C2N2                                                   CN         CN                                           1.827E+10 -4.300E+00  6.540E+04  1.100E+00  0.000E+00  1.500E+00  1.000E+00  3.000E+00  1.000E+01  1.000E+00  1.500E+00  1.000E+00  1.000E+00  1.500E+00  1.000E+00  1.000E+00  1.000E+00  1.000E+00  1.000E+00  1.000E+00  1.000E+00  1.000E+00  1.000E+00  1.000E+00  1.000E+00  1.000E+00  1.000E+00
