 H2O2                                                   OH         OH                                           4.136e+00 -2.300e+00  2.451e+04  2.000e+00  1.000e+02  2.000e+12  9.000e-01  2.451e+04  2.000e+00  1.000e+02  4.300e-01  1.000e-30  1.000e+30  1.000e+18  1.200e+00  2.800e+00  1.600e+00  7.650e+00  1.000e+00  3.700e+00  1.000e+00  1.000e+00  1.500e+00  6.500e-01  1.000e+00  1.000e+00  1.000e+00  7.700e+00  1.000e+00  1.000e+00  1.000e+00  1.000e+00  1.000e+00  1.000e+00  1.000e+00  1.000e+00  1.000e+00  1.000e+00  1.000e+00  1.000e+00
 CH3OH                                                  CH3        OH                                           2.492e+19 -6.995e+00  4.927e+04  2.000e+00  1.000e+02  2.084e+18 -6.150e-01  4.653e+04  2.000e+00  1.000e+02 -4.748e-01  3.558e+04  1.116e+03  9.023e+03  1.000e+00  1.000e+00  1.000e+00  1.000e+00  1.000e+00  1.000e+00  1.000e+00  1.000e+00  1.000e+00  1.000e+00  1.000e+00  1.000e+00  1.000e+00  1.000e+00  1.000e+00  1.000e+00  1.000e+00  1.000e+00  1.000e+00  1.000e+00  1.000e+00  1.000e+00  1.000e+00  1.000e+00  1.000e+00  1.000e+00
 CH3OH                                                  1CH2       H2O                                          2.375e+23 -8.227e+00  4.998e+04  2.000e+00  1.000e+02  3.121e+18 -1.017e+00  4.611e+04  2.000e+00  1.000e+02  2.545e+00  3.290e+03  4.732e+04  4.711e+04  1.000e+00  1.000e+00  1.000e+00  1.000e+00  1.000e+00  1.000e+00  1.000e+00  1.000e+00  1.000e+00  1.000e+00  1.000e+00  1.000e+00  1.000e+00  1.000e+00  1.000e+00  1.000e+00  1.000e+00  1.000e+00  1.000e+00  1.000e+00  1.000e+00  1.000e+00  1.000e+00  1.000e+00  1.000e+00  1.000e+00
 CH3OH                                                  CH2OH      H                                            5.631e+18 -7.244e+00  5.291e+04  2.000e+00  1.000e+02  7.896e-03  5.038e+00  4.247e+04  2.000e+00  1.000e+02 -7.391e+01  3.705e+04  4.150e+04  5.220e+03  1.000e+00  1.000e+00  1.000e+00  1.000e+00  1.000e+00  1.000e+00  1.000e+00  1.000e+00  1.000e+00  1.000e+00  1.000e+00  1.000e+00  1.000e+00  1.000e+00  1.000e+00  1.000e+00  1.000e+00  1.000e+00  1.000e+00  1.000e+00  1.000e+00  1.000e+00  1.000e+00  1.000e+00  1.000e+00  1.000e+00
 CH3O                                                   H2CO       H                                            3.101e+01 -3.000e+00  1.222e+04  2.000e+00  1.000e+02  6.800e+13  0.000e+00  1.316e+04  2.000e+00  1.000e+02  9.000e-01  2.500e+03  1.300e+03  1.000e+99  1.000e+00  1.500e+00  2.000e+00  6.000e+00  2.000e+00  2.000e+00  3.000e+00  1.000e+00  1.000e+00  1.000e+00  1.000e+00  1.000e+00  1.000e+00  1.000e+00  1.000e+00  1.000e+00  1.000e+00  1.000e+00  1.000e+00  1.000e+00  1.000e+00  1.000e+00  1.000e+00  1.000e+00  1.000e+00  1.000e+00
 C2H4                                                   H2         H2CC                                         1.163e+27 -9.310e+00  5.021e+04  2.000e+00  1.000e+02  8.000e+12  4.400e-01  4.463e+04  2.000e+00  1.000e+02  7.345e-01  1.800e+02  1.035e+03  5.417e+03  1.000e+00  1.500e+00  2.000e+00  6.000e+00  2.000e+00  2.000e+00  3.000e+00  7.000e-01  1.000e+00  1.000e+00  1.000e+00  1.000e+00  1.000e+00  1.000e+00  1.000e+00  1.000e+00  1.000e+00  1.000e+00  1.000e+00  1.000e+00  1.000e+00  1.000e+00  1.000e+00  1.000e+00  1.000e+00  1.000e+00
 C2H2                                                   H2CC                                                    4.070e-09 -6.400e-01  2.499e+04  2.000e+00  1.000e+02  8.000e+14 -5.200e-01  2.552e+04  2.000e+00  1.000e+02  0.000e+00  0.000e+00  0.000e+00  0.000e+00  1.000e+00  1.500e+00  2.000e+00  6.000e+00  2.000e+00  2.000e+00  3.000e+00  1.000e+00  1.000e+00  1.000e+00  2.500e+00  1.000e+00  1.000e+00  1.000e+00  1.000e+00  1.000e+00  1.000e+00  1.000e+00  1.000e+00  1.000e+00  1.000e+00  1.000e+00  1.000e+00  2.500e+00  1.000e+00  1.000e+00
 CH3CHO                                                 CH3        HCO                                          1.711e+35 -1.130e+01  4.822e+04  2.000e+00  1.000e+02  2.450e+22 -1.740e+00  4.342e+04  2.000e+00  1.000e+02  2.490e-03  7.181e+02  6.089e+00  3.780e+03  1.000e+00  1.000e+00  1.000e+00  1.000e+00  1.000e+00  1.000e+00  1.000e+00  1.000e+00  1.000e+00  1.000e+00  1.000e+00  1.000e+00  1.000e+00  1.000e+00  1.000e+00  1.000e+00  1.000e+00  1.000e+00  1.000e+00  1.000e+00  1.000e+00  1.000e+00  1.000e+00  1.000e+00  1.000e+00  1.000e+00
 CH3CHO                                                 CH4        CO                                           1.900e+34 -1.130e+01  4.822e+04  2.000e+00  1.000e+02  2.720e+21 -1.740e+00  4.342e+04  2.000e+00  1.000e+02  2.490e-03  7.181e+02  6.089e+00  3.780e+03  1.000e+00  1.000e+00  1.000e+00  1.000e+00  1.000e+00  1.000e+00  1.000e+00  1.000e+00  1.000e+00  1.000e+00  1.000e+00  1.000e+00  1.000e+00  1.000e+00  1.000e+00  1.000e+00  1.000e+00  1.000e+00  1.000e+00  1.000e+00  1.000e+00  1.000e+00  1.000e+00  1.000e+00  1.000e+00  1.000e+00
 CH3CO                                                  CH3        CO                                           9.385e-06 -9.700e-01  7.340e+03  2.000e+00  1.000e+02  1.070e+12  6.300e-01  8.497e+03  2.000e+00  1.000e+02  6.290e-01  8.730e+09  5.520e+00  7.600e+07  1.000e+00  1.000e+00  1.000e+00  1.000e+00  1.000e+00  1.000e+00  1.000e+00  1.000e+00  1.000e+00  1.000e+00  1.000e+00  1.000e+00  1.000e+00  1.000e+00  1.000e+00  1.000e+00  1.000e+00  1.000e+00  1.000e+00  1.000e+00  1.000e+00  1.000e+00  1.000e+00  1.000e+00  1.000e+00  1.000e+00
 CH3CO                                                  CH2CO      H                                            2.518e+27 -1.027e+01  2.785e+04  2.000e+00  1.000e+02  9.413e+07  1.917e+00  2.262e+04  2.000e+00  1.000e+02  6.009e-01  8.103e+09  6.677e+02  5.000e+09  1.000e+00  1.000e+00  1.000e+00  1.000e+00  1.000e+00  1.000e+00  1.000e+00  1.000e+00  1.000e+00  1.000e+00  1.000e+00  1.000e+00  1.000e+00  1.000e+00  1.000e+00  1.000e+00  1.000e+00  1.000e+00  1.000e+00  1.000e+00  1.000e+00  1.000e+00  1.000e+00  1.000e+00  1.000e+00  1.000e+00
 CH2CHO                                                 CH2CO      H                                            9.967e+05 -3.800e+00  2.183e+04  2.000e+00  1.000e+02  1.430e+15 -1.500e-01  2.293e+04  2.000e+00  1.000e+02  9.850e-01  3.930e+02  9.800e+09  5.000e+09  1.000e+00  1.000e+00  1.000e+00  1.000e+00  1.000e+00  1.000e+00  1.000e+00  1.000e+00  1.000e+00  1.000e+00  1.000e+00  1.000e+00  1.000e+00  1.000e+00  1.000e+00  1.000e+00  1.000e+00  1.000e+00  1.000e+00  1.000e+00  1.000e+00  1.000e+00  1.000e+00  1.000e+00  1.000e+00  1.000e+00
 CH2CHO                                                 CH3        CO                                           1.581e+10 -5.070e+00  2.076e+04  2.000e+00  1.000e+02  2.930e+12  2.900e-01  2.026e+04  2.000e+00  1.000e+02  7.130e-17  1.150e+03  4.990e+09  1.790e+09  1.000e+00  1.000e+00  1.000e+00  1.000e+00  1.000e+00  1.000e+00  1.000e+00  1.000e+00  1.000e+00  1.000e+00  1.000e+00  1.000e+00  1.000e+00  1.000e+00  1.000e+00  1.000e+00  1.000e+00  1.000e+00  1.000e+00  1.000e+00  1.000e+00  1.000e+00  1.000e+00  1.000e+00  1.000e+00  1.000e+00
 CH3OCH3                                                CH3        CH3O                                         2.857e+35 -1.140e+01  4.691e+04  2.000e+00  1.000e+02  2.330e+19 -6.610e-01  4.230e+04  2.000e+00  1.000e+02  1.000e+00  1.000e-30  8.800e+02  1.000e+18  1.000e+00  2.250e+00  3.000e+00  9.000e+00  3.000e+00  3.000e+00  4.500e+00  1.000e+00  1.500e+00  1.000e+00  1.000e+00  1.000e+00  1.000e+00  1.000e+00  1.000e+00  1.000e+00  1.000e+00  1.000e+00  1.000e+00  1.000e+00  1.000e+00  1.000e+00  1.000e+00  1.000e+00  5.000e+00  1.000e+00
 C3H8                                                   CH3        C2H5                                         9.369e+50 -1.574e+01  4.963e+04  2.000e+00  1.000e+02  1.290e+37 -5.840e+00  4.896e+04  2.000e+00  1.000e+02  3.100e-01  5.000e+01  3.000e+03  9.000e+03  1.000e+00  1.500e+00  2.000e+00  6.000e+00  2.000e+00  2.000e+00  3.000e+00  7.000e-01  1.000e+00  7.000e-01  1.000e+00  1.000e+00  1.000e+00  1.000e+00  1.000e+00  1.000e+00  1.000e+00  1.000e+00  1.000e+00  1.000e+00  1.000e+00  1.000e+00  1.000e+00  1.000e+00  1.000e+00  1.000e+00
 NH2OH                                                  NH2        OH                                           8.970e+13 -5.960e+00  3.358e+04  2.000e+00  1.000e+02  1.400e+20 -1.310e+00  3.222e+04  2.000e+00  1.000e+02  3.100e-01  1.000e-30  1.000e+30  1.000e+30  1.000e+00  1.000e+00  1.000e+00  1.000e+00  1.000e+00  1.000e+00  1.000e+00  1.000e+00  1.000e+00  1.000e+00  1.000e+00  1.000e+00  1.000e+00  1.000e+00  1.000e+00  1.000e+00  1.000e+00  1.000e+00  1.000e+00  1.000e+00  1.000e+00  1.000e+00  1.000e+00  1.000e+00  1.000e+00  1.000e+00
 HNO2                                                   HONO                                                    5.150e-06  0.000e+00  1.584e+04  2.000e+00  1.000e+02  2.500e+14  0.000e+00  1.624e+04  2.000e+00  1.000e+02  1.149e+00  1.000e-30  3.125e+03  1.000e+30  1.000e+00  1.000e+00  1.000e+00  1.000e+00  1.000e+00  1.000e+00  1.000e+00  1.000e+00  1.000e+00  1.000e+00  1.000e+00  1.000e+00  1.000e+00  1.000e+00  1.000e+00  1.000e+00  1.000e+00  1.000e+00  1.000e+00  1.000e+00  1.000e+00  1.000e+00  1.000e+00  1.000e+00  1.000e+00  1.000e+00
 N2O                                                    N2         O3P                                          9.967e-10  0.000e+00  2.888e+04  2.000e+00  1.000e+02  9.900e+10  0.000e+00  2.911e+04  2.000e+00  1.000e+02  0.000e+00  0.000e+00  0.000e+00  0.000e+00  1.400e+00  1.000e+00  1.000e+00  1.200e+01  1.000e+00  1.000e+00  1.000e+00  1.000e+00  1.700e+00  1.000e+00  1.000e+00  1.000e+00  1.000e+00  1.000e+00  1.000e+00  1.000e+00  1.000e+00  1.000e+00  1.000e+00  1.000e+00  1.000e+00  1.000e+00  1.000e+00  1.000e+00  1.000e+00  1.000e+00
 CH3ONO                                                 CH3        NO2                                          2.091e-07  0.000e+00  2.112e+04  2.000e+00  1.000e+02  1.800e+16  0.000e+00  2.941e+04  2.000e+00  1.000e+02  1.830e-01  1.000e-30  1.000e+30  1.000e+18  1.000e+00  1.000e+00  1.000e+00  1.000e+00  1.000e+00  1.000e+00  1.000e+00  1.000e+00  1.000e+00  1.000e+00  1.000e+00  1.000e+00  1.000e+00  1.000e+00  1.000e+00  1.000e+00  1.000e+00  1.000e+00  1.000e+00  1.000e+00  1.000e+00  1.000e+00  1.000e+00  1.000e+00  1.000e+00  1.000e+00
 H2NCHO                                                 CO         NH3                                          1.379e-09  0.000e+00  2.468e+04  2.000e+00  1.000e+02  1.000e+14  0.000e+00  3.797e+04  2.000e+00  1.000e+02  0.000e+00  0.000e+00  0.000e+00  0.000e+00  1.000e+00  1.000e+00  1.000e+00  1.000e+00  1.000e+00  1.000e+00  1.000e+00  1.000e+00  1.000e+00  1.000e+00  1.000e+00  1.000e+00  1.000e+00  1.000e+00  1.000e+00  1.000e+00  1.000e+00  1.000e+00  1.000e+00  1.000e+00  1.000e+00  1.000e+00  1.000e+00  1.000e+00  1.000e+00  1.000e+00
 H2NCO                                                  CO         NH2                                          1.661e-10  0.000e+00  1.091e+04  2.000e+00  1.000e+02  5.900e+12  0.000e+00  1.257e+04  2.000e+00  1.000e+02  0.000e+00  0.000e+00  0.000e+00  0.000e+00  1.000e+00  1.000e+00  1.000e+00  1.000e+00  1.000e+00  1.000e+00  1.000e+00  1.000e+00  1.000e+00  1.000e+00  1.000e+00  1.000e+00  1.000e+00  1.000e+00  1.000e+00  1.000e+00  1.000e+00  1.000e+00  1.000e+00  1.000e+00  1.000e+00  1.000e+00  1.000e+00  1.000e+00  1.000e+00  1.000e+00
