CH2CNH              298.15 3000  1000
 4.08696039e+00  1.27930769e-02 -6.17629436e-06  1.46135849e-09 -1.36980402e-13  2.06483281e+04  2.95368340e+00
 6.74453393e-01  2.66535164e-02 -2.72825709e-05  1.57426210e-08 -3.75989891e-12  2.13203089e+04  1.93644542e+01
OCHO                200  6000  1000
 4.14394211e+00  5.59738818e-03 -1.99794019e-06  3.16179193e-10 -1.85614483e-14 -1.72459887e+04  5.07778617e+00
 4.68825921e+00 -4.14871834e-03  2.55066010e-05 -2.84473900e-08  1.04422559e-11 -1.69867041e+04  4.28426480e+00
CH3CH2ONO2          200  6000  1000
 1.21360953e+01  1.70091385e-02 -6.43739515e-06  1.07219880e-09 -6.54950920e-14 -2.41902070e+04 -3.71640527e+01
 3.75721604e+00  1.93623098e-02  3.87534117e-05 -6.64089530e-08  2.82505579e-11 -2.08444383e+04  1.11813240e+01
HCCOH               200  6000  1000
 6.37509678e+00  5.49429011e-03 -1.88136576e-06  2.93803536e-10 -1.71771901e-14  8.93277676e+03 -8.24498007e+00
 2.05541154e+00  2.52003372e-02 -3.80821654e-05  3.09890632e-08 -9.89799902e-12  9.76872113e+03  1.22271534e+01
C3H4-A              200  6000  1000
 6.31687220e+00  1.11337280e-02 -3.96293780e-06  6.35642380e-10 -3.78755400e-14  2.01174950e+04 -1.09957660e+01
 2.61304450e+00  1.21225750e-02  1.85398800e-05 -3.45251490e-08  1.53350790e-11  2.15415670e+04  1.02261390e+01
O3P                 200  6000  1000
 2.54363697e+00 -2.73162486e-05 -4.19029520e-09  4.95481845e-12 -4.79553694e-16  2.92260120e+04  4.92229457e+00
 3.16826710e+00 -3.27931884e-03  6.64306396e-06 -6.12806624e-09  2.11265971e-12  2.91222592e+04  2.05193346e+00
OOH                 200  5000  1000
 4.17228741e+00  1.88117627e-03 -3.46277286e-07  1.94657549e-11  1.76256905e-16  3.10206839e+01  2.95767672e+00
 4.30179807e+00 -4.74912097e-03  2.11582905e-05 -2.42763914e-08  9.29225225e-12  2.64018485e+02  3.71666220e+00
HCNO                200  6000  1000
 5.91979744e+00  4.00114600e-03 -1.42063343e-06  2.27569621e-10 -1.35504870e-14  1.80385534e+04 -8.26935223e+00
 6.07949401e-01  2.82182431e-02 -4.60451618e-05  3.82559486e-08 -1.23226501e-11  1.90714209e+04  1.69199098e+01
CH3CHNH2            298.15 3000  1000
 4.08789216e+00  2.05227724e-02 -9.45003681e-06  2.12694610e-09 -1.89705755e-13  1.19396821e+04  5.24987703e+00
 1.64074549e+00  2.85826810e-02 -1.89468825e-05  6.72949839e-09 -9.08174290e-13  1.25155453e+04  1.74881147e+01
CH3OCH2O2           300  5000  1441
 1.19179361e+01  1.19412867e-02 -3.93526185e-06  5.95756132e-10 -3.39597705e-14 -2.34231833e+04 -3.20096863e+01
 3.39930541e+00  3.09460407e-02 -1.92548181e-05  5.76033887e-09 -6.16081571e-13 -2.04433218e+04  1.39429608e+01
NNH                 200  6000  1000
 3.42744423e+00  3.23295234e-03 -1.17296299e-06  1.90508356e-10 -1.14491506e-14  2.88067740e+04  6.39209233e+00
 4.25474632e+00 -3.45098298e-03  1.37788699e-05 -1.33263744e-08  4.41023397e-12  2.88323793e+04  3.28551762e+00
H                   200  6000  1000
 2.50000000e+00  0.00000000e+00  0.00000000e+00  0.00000000e+00  0.00000000e+00  2.54736600e+04 -4.46682850e-01
 2.50000000e+00  0.00000000e+00  0.00000000e+00  0.00000000e+00  0.00000000e+00  2.54736600e+04 -4.46682850e-01
CH3CN               200  6000  1000
 5.09921882e+00  9.69585649e-03 -3.48051966e-06  5.61420173e-10 -3.35835856e-14  6.60967324e+03 -3.36087178e+00
 3.82392803e+00  4.08201943e-03  2.16209537e-05 -2.89807789e-08  1.12962700e-11  7.44430382e+03  5.52656156e+00
CO2H                200  6000  1000
 5.39206152e+00  4.11221455e-03 -1.48194900e-06  2.39875460e-10 -1.43903104e-14 -2.38606717e+04 -2.23529091e+00
 2.92207919e+00  7.62453859e-03  3.29884437e-06 -1.07135205e-08  5.11587057e-12 -2.30281524e+04  1.12925886e+01
NH                  200  6000  1000
 2.79498941e+00  1.29259567e-03 -3.85559094e-07  6.26027608e-11 -3.70421913e-15  4.23408998e+04  5.68413752e+00
 3.45887003e+00  4.93904408e-04 -1.87862560e-06  2.85542239e-09 -1.16864671e-12  4.21088372e+04  2.00373292e+00
HOCH2OCO            300  5000  1443
 1.11498410e+01  9.34736520e-03 -3.35541548e-06  5.38037115e-10 -3.19260183e-14 -4.75012119e+04 -2.95983867e+01
 5.95255071e+00  8.42196282e-03  1.36741678e-05 -1.46786275e-08  3.84143533e-12 -4.44470269e+04  2.85657217e+00
He                  200  6000  1000
 2.50000000e+00  0.00000000e+00  0.00000000e+00  0.00000000e+00  0.00000000e+00 -7.45375000e+02  9.28723974e-01
 2.50000000e+00  0.00000000e+00  0.00000000e+00  0.00000000e+00  0.00000000e+00 -7.45375000e+02  9.28723974e-01
NH2                 200  3000  1000
 2.62499312e+00  3.39841177e-03 -1.01630968e-06  1.25510796e-10 -2.66500843e-15  2.15419104e+04  7.73537416e+00
 4.06463329e+00 -1.10021454e-03  4.25849068e-06 -2.68223583e-09  5.89267407e-13  2.11768668e+04  4.39850770e-01
CH3ONO              200  6000  1000
 6.73034758e+00  1.09601272e-02 -4.05357875e-06  6.67102246e-10 -4.04686823e-14 -1.29143475e+04 -1.01800883e+01
 3.54053638e+00  1.86559899e-03  4.44946580e-05 -5.87057133e-08  2.30684496e-11 -1.11385976e+04  1.06884657e+01
CH3OH               200  6000  1000
 3.52726795e+00  1.03178783e-02 -3.62892944e-06  5.77448016e-10 -3.42182632e-14 -2.60028834e+04  5.16758693e+00
 5.65851051e+00 -1.62983419e-02  6.91938156e-05 -7.58372926e-08  2.80427550e-11 -2.56119736e+04 -8.97330508e-01
O2C2H4OH            300  5000  1506
 1.27503881e+01  1.11514325e-02 -3.83473891e-06  5.98155829e-10 -3.48372108e-14 -2.52770876e+04 -3.54317608e+01
 7.04009800e+00  1.59564166e-02  2.21097416e-06 -7.05197355e-09  2.08266026e-12 -2.24524432e+04 -1.75361758e+00
C2H3OH              300  5000  1410
 8.32598158e+00  8.03387281e-03 -2.63928405e-06  3.98410726e-10 -2.26551155e-14 -1.83221436e+04 -2.02080305e+01
-1.27972260e-01  3.38506073e-02 -3.30644935e-05  1.64858739e-08 -3.19935455e-12 -1.59914544e+04  2.30438601e+01
CH2OCH2O2H          300  5000  1418
 1.23892901e+01  1.11758961e-02 -3.59249095e-06  5.34196366e-10 -3.00536541e-14 -1.80551598e+04 -3.29576862e+01
 1.62245477e-01  4.76101093e-02 -4.52046954e-05  2.18379311e-08 -4.11295947e-12 -1.46498100e+04  2.98253164e+01
CH2CO               300  5000  1000
 5.35869367e+00  6.95641586e-03 -2.64802637e-06  4.65067592e-10 -3.08641820e-14 -7.90294013e+03 -3.98525731e+00
 1.81422511e+00  1.99008590e-02 -2.21416008e-05  1.45028521e-08 -3.98877068e-12 -7.05394926e+03  1.36079359e+01
NCNOH               200  3000  1000
 4.69841132e+00  2.16546382e-03 -1.81441347e-06  5.49591459e-10 -5.89846481e-14  2.48820341e+04  4.04514611e+00
 3.45317867e+00  4.03550194e-03  1.32583822e-06 -6.69960685e-09  3.42515650e-12  2.52609685e+04  1.07521087e+01
H2NCHO              200  6000  1000
 4.93694660e+00  9.60834089e-03 -3.32934933e-06  5.16597902e-10 -2.99203362e-14 -2.50910273e+04 -2.00078185e+00
 3.17952470e+00  1.94589990e-03  3.43329627e-05 -4.64825836e-08  1.87268120e-11 -2.40580400e+04  9.94755425e+00
O2CH2CHO            300  5000  1393
 1.11807543e+01  9.14479256e-03 -3.15089833e-06  4.91944238e-10 -2.86639180e-14 -1.55790331e+04 -2.87892740e+01
-1.29465843e+00  4.44936393e-02 -4.26577074e-05  2.07391950e-08 -3.96828771e-12 -1.18275628e+04  3.60778797e+01
CH2CN               200  6000  1000
 6.14873620e+00  6.06600240e-03 -2.17174620e-06  3.49750387e-10 -2.09004207e-14  2.86491222e+04 -6.59235995e+00
 2.63064017e+00  1.73644377e-02 -1.70284117e-05  9.86551140e-09 -2.46033517e-12  2.95791691e+04  1.12776223e+01
CH3CH2ONO           200  6000  1000
 9.21849299e+00  1.62001532e-02 -5.98159944e-06  9.81277173e-10 -5.93455530e-14 -1.65544389e+04 -1.88591687e+01
 3.37137598e+00  1.37914267e-02  3.84687528e-05 -6.02380553e-08  2.49654782e-11 -1.40198744e+04  1.58650733e+01
CH2CNH2             298.15 3000  1000
 4.21874005e+00  1.56980617e-02 -7.75730038e-06  1.84326074e-09 -1.71837565e-13  3.03905504e+04  4.69611801e+00
 2.01233456e+00  2.56068048e-02 -2.42450966e-05  1.39182460e-08 -3.46136416e-12  3.07776754e+04  1.50699688e+01
OHV                 300  5000  1000
 2.88273000e+00  1.01397430e-03 -2.27687700e-07  2.17468300e-11 -5.12630500e-16  5.02650000e+04  5.59571200e+00
 3.63726600e+00  1.85091000e-04 -1.67616460e-06  2.38720200e-09 -8.43144200e-13  5.00213000e+04  1.35886050e+00
N4S                 200  6000  1000
 2.41604245e+00  1.74663766e-04 -1.18864562e-07  3.01850054e-11 -2.03260159e-15  5.61051512e+04  4.64905706e+00
 2.49976643e+00  5.02149594e-07  1.93091211e-09 -4.94632629e-12  2.74089506e-15  5.60760710e+04  4.19499326e+00
C2H3CHOZ            300  5000  1398
 9.99155394e+00  9.82348001e-03 -3.31203088e-06  5.09524422e-10 -2.93821890e-14 -1.25303509e+04 -2.85168883e+01
 7.33844455e-01  3.17482671e-02 -2.29599468e-05  8.42104232e-09 -1.23613478e-12 -9.38473548e+03  2.10308851e+01
HNC                 200  6000  1000
 4.17272154e+00  2.66569898e-03 -8.92300150e-07  1.37331005e-10 -7.95545718e-15  2.17977474e+04  2.15196203e-01
 2.36665269e+00  1.49943353e-02 -3.03605651e-05  2.99845678e-08 -1.09094949e-11  2.19807517e+04  7.87287988e+00
CHCNH               298.15 3000  1000
 5.54662620e+00  7.65157744e-03 -3.57997666e-06  8.31108900e-10 -7.71666875e-14  4.53945633e+04 -3.17646312e+00
 2.87300918e+00  1.98561384e-02 -2.41519574e-05  1.60558556e-08 -4.26087659e-12  4.58537821e+04  9.34467032e+00
CH2CHNO             350  3000  1000
 4.48740760e+00  1.70181590e-02 -8.86194630e-06  2.23082720e-09 -2.19836030e-13  1.76460070e+04  2.34417250e+00
 7.82133810e-01  2.86250950e-02 -2.14511100e-05  7.40944370e-09 -7.10950300e-13  1.85477700e+04  2.10235160e+01
CH3NH               200  6000  1000
 4.02244380e+00  1.03512061e-02 -3.64560169e-06  5.80491587e-10 -3.44103829e-14  1.95050854e+04  1.64483768e+00
 4.70973738e+00 -7.31946952e-03  4.95105509e-05 -5.72790480e-08  2.16523586e-11  2.00619432e+04  1.85460205e+00
C3H4-P              200  6000  1000
 6.02524000e+00  1.13365420e-02 -4.02233910e-06  6.43760630e-10 -3.82996350e-14  1.96209420e+04 -8.60437850e+00
 2.68038690e+00  1.57996510e-02  2.50705960e-06 -1.36576230e-08  6.61542850e-12  2.08023740e+04  9.87693510e+00
CH3NCH3             298.15 3000  1000
 1.54968373e+00  2.47836253e-02 -1.20302906e-05  2.81641066e-09 -2.58540173e-13  1.73453147e+04  1.93447983e+01
 3.61164557e+00  9.06653308e-03  2.27492150e-05 -2.78391712e-08  9.27266651e-12  1.73063845e+04  1.12643356e+01
H2CC                200  6000  1000
 4.27803400e+00  4.75628040e-03 -1.63010090e-06  2.54628060e-10 -1.48863790e-14  4.83166880e+04  6.40237010e-01
 3.28154830e+00  6.97647910e-03 -2.38552440e-06 -1.21044320e-09  9.81895450e-13  4.86217940e+04  5.92039100e+00
H2CO                200  6000  1000
 3.16952665e+00  6.19320560e-03 -2.25056366e-06  3.65975660e-10 -2.20149458e-14 -1.45486831e+04  6.04207898e+00
 4.79372312e+00 -9.90833322e-03  3.73219990e-05 -3.79285237e-08  1.31772641e-11 -1.43791953e+04  6.02798058e-01
C2H3OO              298.15 2000  1000
 6.04483828e+00  1.45511127e-02 -7.50974622e-06  1.83488280e-09 -1.66689681e-13  1.01699244e+04 -3.71144913e+00
 1.09784776e+00  2.95333237e-02 -2.27744360e-05  7.20559155e-09 -3.07929092e-13  1.13996101e+04  2.13563583e+01
O2                  200  6000  1000
 3.66096065e+00  6.56365811e-04 -1.41149627e-07  2.05797935e-11 -1.29913436e-15 -1.21597718e+03  3.41536279e+00
 3.78245636e+00 -2.99673416e-03  9.84730201e-06 -9.68129509e-09  3.24372837e-12 -1.06394356e+03  3.65767573e+00
OCH2OCHO            300  5000  1523
 1.24013200e+01  7.83738243e-03 -2.82992688e-06  4.55558739e-10 -2.71061389e-14 -4.68453470e+04 -3.78084549e+01
 1.89539692e+00  2.74118545e-02 -1.36476090e-05  1.26325603e-09  5.17970476e-13 -4.27879440e+04  2.02333278e+01
HNCO                200  6000  1000
 5.30045051e+00  4.02250821e-03 -1.40962280e-06  2.23855342e-10 -1.32499966e-14 -1.61995274e+04 -3.11770684e+00
 2.24009031e+00  1.45600497e-02 -1.54352330e-05  8.55535028e-09 -1.79631611e-12 -1.54589951e+04  1.21663775e+01
CH2CH2NH2           298.15 3000  1000
 4.10302792e+00  2.03084588e-02 -9.25456057e-06  2.06112265e-09 -1.81949714e-13  1.70234069e+04  5.55411391e+00
 1.25928611e+00  3.01867188e-02 -2.18268895e-05  8.94596797e-09 -1.52898422e-12  1.76669906e+04  1.96477011e+01
1CH2                200  6000  1000
 3.13501686e+00  2.89593926e-03 -8.16668090e-07  1.13572697e-10 -6.36262835e-15  5.05040504e+04  4.06030621e+00
 4.19331325e+00 -2.33105184e-03  8.15676451e-06 -6.62985981e-09  1.93233199e-12  5.03662246e+04 -7.46734310e-01
CH3COOOH            300  5000  1391
 1.25060485e+01  9.47789695e-03 -3.30402246e-06  5.19630793e-10 -3.04233568e-14 -4.59856703e+04 -3.79195947e+01
 2.24135876e+00  3.37963514e-02 -2.53887482e-05  9.67583587e-09 -1.49266157e-12 -4.24677831e+04  1.70668133e+01
CH3ONO2             200  6000  1000
 9.77845489e+00  1.10069541e-02 -4.25928645e-06  7.18198185e-10 -4.42041793e-14 -1.88804487e+04 -2.39163197e+01
 3.91363583e+00  1.52137945e-02  1.73479131e-05 -3.37074473e-08  1.44322204e-11 -1.66103232e+04  9.44208392e+00
CH3NH2              200  6000  1000
 3.78609899e+00  1.26969570e-02 -4.46778553e-06  7.11021516e-10 -4.21332621e-14 -4.38100060e+03  1.86268606e+00
 4.65718252e+00 -7.37953092e-03  5.45297099e-05 -6.24993857e-08  2.33761829e-11 -3.76073340e+03  1.63875112e+00
CH3CO2              300  5000  1395
 8.54059736e+00  8.32951214e-03 -2.84722010e-06  4.41927196e-10 -2.56373394e-14 -2.97290678e+04 -2.03883545e+01
 1.37440768e+00  2.49115604e-02 -1.74308894e-05  6.24799508e-09 -9.09516835e-13 -2.72330150e+04  1.81405454e+01
CH4                 200  6000  1000
 1.65326226e+00  1.00263099e-02 -3.31661238e-06  5.36483138e-10 -3.14696758e-14 -1.00095936e+04  9.90506283e+00
 5.14911468e+00 -1.36622009e-02  4.91453921e-05 -4.84246767e-08  1.66603441e-11 -1.02465983e+04 -4.63848842e+00
C2H5                300  5000  1387
 5.88784390e+00  1.03076793e-02 -3.46844396e-06  5.32499257e-10 -3.06512651e-14  1.15065499e+04 -8.49651771e+00
 1.32730217e+00  1.76656753e-02 -6.14926558e-06 -3.01143466e-10  4.38617775e-13  1.34284028e+04  1.71789216e+01
C2H5CHO             300  5000  1449
 1.06224453e+01  1.35569132e-02 -4.60754771e-06  7.12755462e-10 -4.12631683e-14 -2.78692266e+04 -3.16628752e+01
 2.18895588e+00  2.58289987e-02 -6.04170058e-06 -3.70702654e-09  1.57131095e-12 -2.42671146e+04  1.61496330e+01
SC2H4OH             300  5000  1385
 8.15007136e+00  1.02549305e-02 -3.40137764e-06  5.17509965e-10 -2.96128942e-14 -1.05014386e+04 -1.73134615e+01
 1.46281093e+00  2.39193995e-02 -1.30667185e-05  3.10615465e-09 -1.85896007e-13 -8.00790323e+03  1.92547092e+01
N2O                 200  6000  1000
 4.80641382e+00  2.65307443e-03 -9.70797397e-07  1.62590150e-10 -9.96738154e-15  8.19798219e+03 -2.10607801e+00
 2.13942290e+00  1.21800874e-02 -1.59189415e-05  1.20920039e-08 -3.85125915e-12  8.87008622e+03  1.12477534e+01
CH2CH2NO2           350  3000  1000
 6.21841050e+00  2.20240260e-02 -1.14710410e-05  2.88879660e-09 -2.84836420e-13  1.01421330e+04 -3.01283140e+00
 1.19814740e+00  3.83711550e-02 -3.03908510e-05  1.17680810e-08 -1.57117670e-12  1.13328820e+04  2.21405170e+01
CH3NCH              298.15 3000  1000
 3.29670257e+00  1.69750507e-02 -8.65108533e-06  2.12635860e-09 -2.04492818e-13  2.51028107e+04  8.60277030e+00
 2.23655533e+00  1.58044545e-02  1.22158661e-06 -9.86660781e-09  4.14654507e-12  2.55853994e+04  1.50701642e+01
HCNH                200  6000  1000
 4.04014700e+00  5.16591694e-03 -1.82276828e-06  2.90299053e-10 -1.71614589e-14  3.11540211e+04  2.58894095e+00
 3.97114555e+00 -3.88875724e-03  2.92918950e-05 -3.57482411e-08  1.40303911e-11  3.15789298e+04  5.06388721e+00
C                   200  6000  1000
 2.60558300e+00 -1.95934340e-04  1.06737220e-07 -1.64239400e-11  8.18705800e-16  8.54117420e+04  4.19238680e+00
 2.55423950e+00 -3.21537720e-04  7.33792230e-07 -7.32234870e-10  2.66521440e-13  8.54426810e+04  4.53130850e+00
HONO                200  6000  1000
 5.79144641e+00  3.64630732e-03 -1.29112765e-06  2.06498233e-10 -1.22138679e-14 -1.15974343e+04 -4.07145349e+00
 3.16416438e+00  8.50517773e-03  5.48561573e-07 -8.27656474e-09  4.39957151e-12 -1.07744086e+04  1.00231941e+01
C2H3O1-2            200  6000  1000
 5.60158035e+00  9.17613962e-03 -3.28028902e-06  5.27903888e-10 -3.15362241e-14  1.71446252e+04 -5.47228512e+00
 3.58349017e+00 -6.02275805e-03  6.32426867e-05 -8.18540707e-08  3.30444505e-11  1.85681353e+04  9.59725926e+00
HOCH2O              300  5000  1452
 6.39521515e+00  7.43673043e-03 -2.50422354e-06  3.84879712e-10 -2.21778689e-14 -2.41108840e+04 -6.63865583e+00
 4.11183145e+00  7.53850697e-03  3.77337370e-06 -5.38746005e-09  1.45615887e-12 -2.28023001e+04  7.46807254e+00
C2H5OH              300  5000  1402
 8.14483865e+00  1.28314052e-02 -4.29052743e-06  6.55971721e-10 -3.76506611e-14 -3.24005526e+04 -1.86241126e+01
 2.15805861e-01  2.95228396e-02 -1.68271048e-05  4.49484797e-09 -4.02451543e-13 -2.94851823e+04  2.45725052e+01
CH3OCH2O2H          300  5000  1404
 1.28159161e+01  1.34818095e-02 -4.50397729e-06  6.88229286e-10 -3.94883680e-14 -4.06745921e+04 -3.78047802e+01
 1.05786981e+00  4.36787095e-02 -3.46383899e-05  1.44808830e-08 -2.46100643e-12 -3.68851076e+04  2.43391936e+01
HO2CHO              300  5000  1378
 9.87503878e+00  4.64663708e-03 -1.67230522e-06  2.68624413e-10 -1.59595232e-14 -3.80502496e+04 -2.24939155e+01
 2.42464726e+00  2.19706380e-02 -1.68705546e-05  6.25612194e-09 -9.11645843e-13 -3.54828006e+04  1.75027796e+01
HO2CH2OCHO          300  5000  1386
 1.57136128e+01  9.64430166e-03 -3.44136025e-06  5.49722196e-10 -3.25360322e-14 -6.29409094e+04 -5.29505242e+01
 1.21909586e+00  4.28858235e-02 -3.17634222e-05  1.11542676e-08 -1.49753153e-12 -5.79287926e+04  2.49759193e+01
HNCNH               300  4000  1500
 8.37414300e+00  2.36614300e-03 -3.50232400e-07 -4.39110200e-11  1.09685900e-14  1.46108800e+04 -2.10739300e+01
 1.00198500e+00  2.46401600e-02 -2.75977000e-05  1.53247200e-08 -3.26828000e-12  1.67936800e+04  1.69432500e+01
C2H5NO              350  3000  1000
 3.22313410e+00  2.51564380e-02 -1.28735870e-05  3.18527380e-09 -3.08950420e-13  2.90561270e+03  9.66286460e+00
 1.19503050e+00  2.84612030e-02 -1.06192600e-05 -3.12526110e-09  2.47059570e-12  3.55161590e+03  2.06492050e+01
CH3COOO             300  5000  1391
 1.12522498e+01  8.33652672e-03 -2.89014530e-06  4.52781734e-10 -2.64354456e-14 -2.60238584e+04 -2.96370457e+01
 3.60373432e+00  2.70080341e-02 -2.08293438e-05  8.50541104e-09 -1.43846110e-12 -2.34205171e+04  1.12014914e+01
CHCO                200  6000  1000
 5.91479333e+00  3.71408730e-03 -1.30137010e-06  2.06473345e-10 -1.21476759e-14  1.93596301e+04 -5.50567269e+00
 1.87607969e+00  2.21205418e-02 -3.58869325e-05  3.05402541e-08 -1.01281069e-11  2.01633840e+04  1.36968290e+01
C2H5NO2             200  6000  1000
 9.29092218e+00  1.61241540e-02 -5.95122756e-06  9.76015021e-10 -5.90147816e-14 -1.73718622e+04 -2.11218316e+01
 4.43720206e+00  8.25501813e-03  5.01013815e-05 -7.12335325e-08  2.88207797e-11 -1.49913491e+04  9.09921108e+00
3CH2                200  6000  1000
 3.14631886e+00  3.03671259e-03 -9.96474439e-07  1.50483580e-10 -8.57335515e-15  4.60412605e+04  4.72341711e+00
 3.71757846e+00  1.27391260e-03  2.17347251e-06 -3.48858500e-09  1.65208866e-12  4.58723866e+04  1.75297945e+00
CHCHO               298.15 2000  1000
 4.92632910e+00  9.71712147e-03 -5.54855980e-06  1.53068537e-09 -1.64742462e-13  2.89499494e+04  5.27874677e-01
 2.33256751e+00  1.62952986e-02 -9.72052177e-06  5.15124155e-10  1.03836514e-12  2.96585452e+04  1.39904923e+01
NCNO                200  3000  1000
 3.99574293e+00  7.96025626e-06 -5.76602969e-09  1.80395948e-12 -2.08846880e-16  3.09883543e+04  8.58277153e+00
 3.99833460e+00  8.03718093e-06 -1.56383867e-08  1.20479659e-11 -3.24908996e-15  3.09870621e+04  8.56707356e+00
C2H2OH              300  5000  1401
 8.20268447e+00  5.92989165e-03 -1.99194448e-06  3.05794341e-10 -1.76114732e-14  1.24881328e+04 -1.89670436e+01
 6.41642616e-01  2.61903633e-02 -2.30385370e-05  1.02804704e-08 -1.81971416e-12  1.48276951e+04  2.06750999e+01
CH3NO2              200  6000  1000
 6.93605239e+00  9.97319424e-03 -3.60642537e-06  5.83462161e-10 -3.50058729e-14 -1.08381899e+04 -6.98144573e+00
 6.15261387e+00 -2.91937431e-03  4.14526828e-05 -4.93954776e-08  1.85608328e-11 -9.85260262e+03  8.04057190e-01
CH3CHNH             298.15 3000  1000
 1.99419246e+00  2.12775413e-02 -1.02686597e-05  2.40039260e-09 -2.20647891e-13  4.56273305e+03  1.43228859e+01
 2.24230513e+00  1.46071399e-02  8.25386853e-06 -1.56259103e-08  5.70541553e-12  4.79700805e+03  1.45453734e+01
CH3CH2NH            200  6000  1000
 6.57009633e+00  1.55707719e-02 -5.50295648e-06  8.78420655e-10 -5.21657737e-14  1.48227836e+04 -1.08297258e+01
 3.85938788e+00  5.20510615e-03  4.71051064e-05 -6.50879630e-08  2.63825293e-11  1.63849609e+04  7.33693995e+00
HCNN                200  6000  1000
 5.53846448e+00  3.89054126e-03 -1.38104752e-06  2.21294765e-10 -1.31827325e-14  3.59635337e+04 -3.39587098e+00
 3.06754311e+00  1.06789939e-02 -7.96224305e-06  2.59883390e-09 -1.27057612e-13  3.66623508e+04  9.41074995e+00
C3H3                200  6000  1000
 7.14221719e+00  7.61902211e-03 -2.67460030e-06  4.24914904e-10 -2.51475443e-14  3.95709594e+04 -1.25848690e+01
 1.35110873e+00  3.27411291e-02 -4.73827407e-05  3.76310220e-08 -1.18541128e-11  4.07679941e+04  1.52058598e+01
CO                  200  6000  1000
 3.04848590e+00  1.35172810e-03 -4.85794050e-07  7.88536440e-11 -4.69807460e-15 -1.42661170e+04  6.01709770e+00
 3.57953350e+00 -6.10353690e-04  1.01681430e-06  9.07005860e-10 -9.04424490e-13 -1.43440860e+04  3.50840930e+00
HOCH2O2H            300  5000  1398
 1.24531886e+01  7.18221110e-03 -2.47029548e-06  3.85611737e-10 -2.24774193e-14 -4.24862928e+04 -3.58745197e+01
 5.35189713e-01  3.73266553e-02 -3.15299511e-05  1.30352583e-08 -2.11473264e-12 -3.86609415e+04  2.71776082e+01
C2H4                300  5000  1392
 5.07061289e+00  9.11140768e-03 -3.10506692e-06  4.80733851e-10 -2.78321396e-14  3.66391217e+03 -6.64501414e+00
 4.81118223e-01  1.83778060e-02 -9.99633565e-06  2.73211039e-09 -3.01837289e-13  5.44386648e+03  1.85867157e+01
OCH2O2H             300  5000  1418
 1.29622491e+01  4.21948855e-03 -1.54275194e-06  2.50413077e-10 -1.49855537e-14 -1.81326406e+04 -3.87016356e+01
 4.46349361e-01  3.63049606e-02 -3.26130978e-05  1.37050551e-08 -2.20872791e-12 -1.41972598e+04  2.72960376e+01
H2CNO               200  6000  1000
 5.40281520e+00  6.90570010e-03 -2.51629770e-06  4.10140660e-10 -2.47183000e-14  2.45286900e+04 -4.45742620e+00
 3.87818580e+00 -6.65308860e-03  5.39476100e-05 -6.81768130e-08  2.71817460e-11  2.57168570e+04  7.46187740e+00
CH3NHCH2            298.15 3000  1000
 3.95751097e+00  2.09452232e-02 -9.75570653e-06  2.21626118e-09 -1.99156129e-13  1.60587518e+04  4.96297406e+00
 1.71401860e+00  2.75573004e-02 -1.61309839e-05  4.10455384e-09 -8.07562261e-14  1.66255449e+04  1.63770009e+01
HNOH                200  6000  1000
 3.98321933e+00  4.88846374e-03 -1.65086637e-06  2.55371446e-10 -1.48308561e-14  1.05780106e+04  3.62582838e+00
 3.95608248e+00 -3.02611020e-03  2.56874396e-05 -3.15645120e-08  1.24084574e-11  1.09199790e+04  5.55950983e+00
CH2OCHO             300  5000  1442
 1.00960096e+01  7.19887066e-03 -2.59813465e-06  4.18110812e-10 -2.48723387e-14 -2.36389018e+04 -2.71144175e+01
 2.31031671e+00  1.80474065e-02 -2.71519637e-06 -4.60918579e-09  1.70037078e-12 -2.02910878e+04  1.71549722e+01
CH3OCO              300  5000  1601
 9.73659803e+00  7.42432713e-03 -2.65641779e-06  4.25031143e-10 -2.51824924e-14 -2.36015721e+04 -2.36353471e+01
 4.16215406e+00  1.38037511e-02 -3.08486109e-07 -4.56430814e-09  1.46909632e-12 -2.10130301e+04  8.64301044e+00
HO2CH2CO            300  5000  1386
 1.04146322e+01  1.12680116e-02 -5.17494839e-06  1.00333285e-09 -6.68165911e-14 -1.40955672e+04 -2.27894400e+01
 2.22681686e+00  3.56781380e-02 -3.26401909e-05  1.47651988e-08 -2.64794380e-12 -1.18735095e+04  1.91581197e+01
CH3OO               300  5000  1374
 6.47970487e+00  7.44401080e-03 -2.52348555e-06  3.89577296e-10 -2.25182399e-14 -1.56285441e+03 -8.19477074e+00
 1.97339205e+00  1.53542340e-02 -6.37314891e-06  3.19930565e-10  2.82193915e-13  2.54278835e+02  1.69194215e+01
N2H2                200  6000  1000
 1.31115117e+00  9.00187208e-03 -3.14911824e-06  4.81449581e-10 -2.71897891e-14  2.33863341e+04  1.64091067e+01
 4.91066031e+00 -1.07791880e-02  3.86516489e-05 -3.86501698e-08  1.34852134e-11  2.28241901e+04  9.10273396e-02
CH3NHCH3            298.15 3000  1000
 2.13913083e+00  2.68643078e-02 -1.28763453e-05  2.99663495e-09 -2.74772023e-13 -4.17331872e+03  1.29759199e+01
 1.22882380e+00  2.60430675e-02 -4.95078244e-06 -6.74954202e-09  3.27738931e-12 -3.76813390e+03  1.84832422e+01
C2H3                300  5000  1400
 4.99675415e+00  6.55838271e-03 -2.20921909e-06  3.39300272e-10 -1.95316926e-14  3.34604382e+04 -3.01451097e+00
 1.25545094e+00  1.57481597e-02 -1.12218328e-05  4.50915682e-09 -7.74861577e-13  3.47435574e+04  1.69664043e+01
CH3NCH2             298.15 3000  1000
 1.74096270e+00  2.20935014e-02 -1.09102093e-05  2.60523608e-09 -2.44224882e-13  7.19229187e+03  1.52596427e+01
 2.12431227e+00  1.61641640e-02  4.57770566e-06 -1.21159798e-08  4.53506389e-12  7.33541892e+03  1.45091874e+01
1C2H4OH             300  5000  1395
 8.06750150e+00  1.06143554e-02 -3.57999360e-06  5.50363760e-10 -3.17051769e-14 -6.92747939e+03 -1.53833428e+01
 2.59479867e+00  2.27100669e-02 -1.39473846e-05  4.70095591e-09 -6.90044236e-13 -4.91486975e+03  1.43240718e+01
C2H4OOH             300  5000  1389
 1.00590614e+01  1.13378955e-02 -3.89403387e-06  6.06090687e-10 -3.52212353e-14  4.24048653e+02 -2.32086536e+01
 2.75788364e+00  2.88271987e-02 -2.08302264e-05  8.47401397e-09 -1.48617610e-12  3.00153893e+03  1.59921711e+01
C2O5H5-1            300  5000  1433
 1.77378326e+01  1.13589899e-02 -3.67382539e-06  5.49255712e-10 -3.10405899e-14 -3.82903058e+04 -5.66609932e+01
 2.39977678e+00  5.39881943e-02 -4.87969524e-05  2.19792134e-08 -3.86106979e-12 -3.37824638e+04  2.30683371e+01
NO2                 200  6000  1000
 4.90482285e+00  2.14474498e-03 -8.12654059e-07  1.55511957e-10 -1.04113963e-14  2.28958979e+03 -2.33567018e-01
 3.78712696e+00 -4.29576834e-04  1.37383818e-05 -1.74264140e-08  6.71249644e-12  2.89500124e+03  6.96592162e+00
NCN                 200  6000  1000
 5.65711708e+00  1.64211333e-03 -6.37923438e-07  1.11209213e-10 -6.99328410e-15  5.22097079e+04 -6.14049950e+00
 3.00703195e+00  8.38874126e-03 -6.90466542e-06  2.84868816e-09 -5.74273041e-13  5.30044793e+04  7.78171011e+00
CH3CNH              298.15 3000  1000
 3.29670257e+00  1.69750507e-02 -8.65108533e-06  2.12635860e-09 -2.04492818e-13  2.51028107e+04  8.60277030e+00
 2.23655533e+00  1.58044545e-02  1.22158661e-06 -9.86660781e-09  4.14654507e-12  2.55853994e+04  1.50701642e+01
2C2H4OH             300  5000  1395
 6.62621974e+00  1.22219496e-02 -4.12416696e-06  6.34127512e-10 -3.65317390e-14 -3.33965890e+03 -8.95305753e+00
 1.58874948e+00  2.24414123e-02 -1.19434933e-05  3.37160213e-09 -4.15077249e-13 -1.37208255e+03  1.87548958e+01
c-C2H3N             298.15 3000  1000
 2.80979324e+00  1.50201816e-02 -7.58141908e-06  1.85246807e-09 -1.77642437e-13  3.06581771e+04  8.95343001e+00
 8.28524446e-02  2.20080656e-02 -1.21834261e-05  1.00059353e-09  1.01529601e-12  3.13995593e+04  2.30893128e+01
CH3NO               200  6000  1000
 5.04711802e+00  9.21544305e-03 -3.29034831e-06  5.28940397e-10 -3.15689858e-14  6.23718102e+03 -7.74395570e-01
 5.18534727e+00 -6.34085575e-03  4.57171139e-05 -5.30421813e-08  1.99501601e-11  6.93771506e+03  2.18492659e+00
CH2CHNH             298.15 3000  1000
 3.67015758e+00  1.67405872e-02 -8.17362541e-06  1.94564254e-09 -1.82822975e-13  2.26494763e+04  5.23472336e+00
-1.68729357e-01  2.91658096e-02 -2.24159711e-05  8.51021434e-09 -1.09138460e-12  2.35637699e+04  2.44877151e+01
CH3CH2NH2           298.15 3000  1000
 2.82804839e+00  2.53750154e-02 -1.18740298e-05  2.70990740e-09 -2.44590811e-13 -8.03920733e+03  1.01771802e+01
 6.44080211e-01  3.14866800e-02 -1.71052145e-05  3.57315578e-09  1.95649123e-13 -7.47120329e+03  2.13696162e+01
CH2OH               200  6000  1000
 5.09314370e+00  5.94761260e-03 -2.06497460e-06  3.23008173e-10 -1.88125902e-14 -4.03409640e+03 -1.84691493e+00
 4.47834367e+00 -1.35070310e-03  2.78484980e-05 -3.64869060e-08  1.47907450e-11 -3.50072890e+03  3.30913500e+00
C2H5O               300  5000  1467
 8.19120635e+00  1.10391986e-02 -3.75270536e-06  5.80275784e-10 -3.35735146e-14 -5.66847208e+03 -1.90131344e+01
 2.90353584e+00  1.77256708e-02 -2.69624757e-06 -3.45830533e-09  1.25224784e-12 -3.28930290e+03  1.13545591e+01
H2CN                200  6000  1000
 3.80315578e+00  5.47197362e-03 -1.95314875e-06  3.13362403e-10 -1.86249384e-14  2.71302747e+04  3.31759436e+00
 3.97799555e+00 -3.43275801e-03  2.59134260e-05 -3.04692171e-08  1.16272717e-11  2.74854081e+04  4.43067396e+00
CH2NO2              200  6000  1000
 7.57504807e+00  7.01471036e-03 -2.51481162e-06  4.05670550e-10 -2.42796598e-14  1.23880080e+04 -1.15985589e+01
 2.42742248e+00  1.60496442e-02  2.84727836e-06 -1.82218429e-08  9.35383557e-12  1.40120587e+04  1.61086425e+01
HOCHO               200  6000  1000
 4.61383160e+00  6.44963640e-03 -2.29082510e-06  3.67160470e-10 -2.18736750e-14 -4.75148500e+04  8.47883830e-01
 3.89836160e+00 -3.55877950e-03  3.55205380e-05 -4.38499590e-08  1.71077690e-11 -4.67706090e+04  7.34953970e+00
C2H5OO              300  5000  1389
 9.50282570e+00  1.20429839e-02 -4.09491581e-06  6.33049241e-10 -3.66133788e-14 -7.37069391e+03 -2.21717130e+01
 3.90351912e+00  2.22599212e-02 -1.01610079e-05  1.71709751e-09  1.88166738e-14 -5.09654081e+03  8.98722750e+00
CH2NH               300  5000  1577
 4.54737795e+00  7.17720948e-03 -2.47935299e-06  3.87692351e-10 -2.26113075e-14  8.64056516e+03 -1.16687427e+00
 2.81849510e+00  5.11983235e-03  6.38887146e-06 -6.61374671e-09  1.65531940e-12  9.88442597e+03  1.03390629e+01
CH2NH2              200  6000  1000
 4.55329728e+00  9.42002581e-03 -3.20781399e-06  4.98961894e-10 -2.90872284e-14  1.58717284e+04 -2.45945234e-02
 2.85538164e+00  7.27364238e-03  1.65712636e-05 -2.70976978e-08  1.16327939e-11  1.66165986e+04  1.02444521e+01
H2NCO               200  6000  1000
 5.69169331e+00  6.08717989e-03 -2.09433522e-06  3.28448737e-10 -1.92703890e-14 -3.81028606e+03 -3.22710215e+00
 3.53640094e+00  9.73407134e-03 -3.87292847e-07 -5.90128176e-09  3.01181866e-12 -3.09623872e+03  8.47952204e+00
HOCH2O2             300  5000  1377
 1.16406115e+01  5.72826040e-03 -2.05362036e-06  3.29070695e-10 -1.95188360e-14 -2.53505769e+04 -3.07332064e+01
 2.82068616e+00  2.47857094e-02 -1.66186399e-05  4.79633095e-09 -4.28087766e-13 -2.22077036e+04  1.70599803e+01
N2H4                200  6000  1000
 4.93957357e+00  8.75017187e-03 -2.99399058e-06  4.67278418e-10 -2.73068599e-14  9.28265548e+03 -2.69439772e+00
 3.83472149e+00 -6.49129555e-04  3.76848463e-05 -5.00709182e-08  2.03362064e-11  1.00893925e+04  5.75272030e+00
NO                  200  6000  1000
 3.25487317e+00  1.19869941e-03 -4.33028500e-07  7.02943336e-11 -4.09788575e-15  9.90699836e+03  6.40395140e+00
 4.08517990e+00 -3.64693188e-03  8.49607612e-06 -6.62405734e-09  1.77647373e-12  9.84061267e+03  2.83578236e+00
HCN                 200  6000  1000
 3.79525127e+00  3.16330147e-03 -1.07316905e-06  1.67851828e-10 -9.83948026e-15  1.42249758e+04  1.61357326e+00
 2.10571670e+00  1.11841419e-02 -1.62402411e-05  1.31663215e-08 -4.17254301e-12  1.45427041e+04  9.55501287e+00
HOCN                200  6000  1000
 5.28767714e+00  4.01746511e-03 -1.40407465e-06  2.22562614e-10 -1.31562375e-14 -3.77409807e+03 -2.64470976e+00
 2.88943546e+00  1.16487242e-02 -1.08005006e-05  5.44138776e-09 -1.06857286e-12 -3.15296691e+03  9.51295652e+00
NH3                 200  4000  1000
 2.36074311e+00  6.31850146e-03 -2.28966806e-06  4.11767411e-10 -2.90836787e-14 -6.41596473e+03  8.02154329e+00
 4.14027871e+00 -3.58489142e-03  1.89475904e-05 -1.98833970e-08  7.15267961e-12 -6.68545158e+03 -1.66754883e-02
N2                  200  6000  1000
 2.95257637e+00  1.39690040e-03 -4.92631603e-07  7.86010195e-11 -4.60755204e-15 -9.23948688e+02  5.87188762e+00
 3.53100528e+00 -1.23660988e-04 -5.02999433e-07  2.43530612e-09 -1.40881235e-12 -1.04697628e+03  2.96747038e+00
H2NN                200  6000  1000
 3.05903670e+00  6.18382347e-03 -2.22171165e-06  3.58539206e-10 -2.14532905e-14  3.48530149e+04  6.69893515e+00
 4.53204001e+00 -7.32418578e-03  3.00803713e-05 -3.04000551e-08  1.04700639e-11  3.49580003e+04  1.51074195e+00
CH3                 200  6000  1000
 2.97812060e+00  5.79785200e-03 -1.97558000e-06  3.07297900e-10 -1.79174160e-14  1.65095130e+04  4.72247990e+00
 3.65717970e+00  2.12659790e-03  5.45838830e-06 -6.61810030e-09  2.46570740e-12  1.64227160e+04  1.67353540e+00
CH3O                200  6000  1000
 4.75779238e+00  7.44142474e-03 -2.69705176e-06  4.38090504e-10 -2.63537098e-14  3.78111940e+02 -1.96680028e+00
 3.71180502e+00 -2.80463306e-03  3.76550971e-05 -4.73072089e-08  1.86588420e-11  1.29569760e+03  6.57240864e+00
C2H5OOH             300  5000  1390
 1.04823538e+01  1.34779879e-02 -4.62179078e-06  7.18618519e-10 -4.17307436e-14 -2.46578171e+04 -2.84294243e+01
 1.83755328e+00  3.38053586e-02 -2.37548140e-05  9.31974865e-09 -1.58003428e-12 -2.15814086e+04  1.80977584e+01
CH2O2H              300  5000  1410
 9.24697852e+00  4.60845541e-03 -1.53501472e-06  2.34434830e-10 -1.34573106e-14  4.11529953e+03 -2.11503248e+01
 2.88976454e+00  2.09465776e-02 -1.75190772e-05  7.27819787e-09 -1.18912344e-12  6.12390620e+03  1.23802076e+01
HCOH                300  5000  1398
 9.18749272e+00  1.52011152e-03 -6.27603516e-07  1.09727989e-10 -6.89655128e-15  7.81364593e+03 -2.73434214e+01
-2.82157421e+00  3.57331702e-02 -3.80861580e-05  1.86205951e-08 -3.45957838e-12  1.12956672e+04  3.48487757e+01
C2N2                200  6000  1000
 6.70549520e+00  3.64271185e-03 -1.30939702e-06  2.16421413e-10 -1.31193815e-14  3.48824335e+04 -1.04803146e+01
 2.32928126e+00  2.61540993e-02 -4.90009889e-05  4.61923035e-08 -1.64325831e-11  3.56900732e+04  9.86348075e+00
NCO                 200  6000  1000
 5.08064474e+00  2.37443587e-03 -9.07098904e-07  1.52286713e-10 -9.31009234e-15  1.35781204e+04 -2.15734434e+00
 2.77405177e+00  9.24523481e-03 -9.91773586e-06  6.68461303e-09 -2.09520542e-12  1.42369570e+04  9.75458670e+00
O2CHO               300  5000  1368
 7.24075139e+00  4.63312951e-03 -1.63693995e-06  2.59706693e-10 -1.52964699e-14 -1.87027618e+04 -6.49547212e+00
 3.96059309e+00  1.06002279e-02 -5.25713351e-06  1.01716726e-09 -2.87487602e-14 -1.73599383e+04  1.17807483e+01
OH                  200  6000  1000
 2.83853033e+00  1.10741289e-03 -2.94000209e-07  4.20698729e-11 -2.42289890e-15  3.69780808e+03  5.84494652e+00
 3.99198424e+00 -2.40106655e-03  4.61664033e-06 -3.87916306e-09  1.36319502e-12  3.36889836e+03 -1.03998477e-01
CHCHNO              350  3000  1000
 5.91529040e+00  1.21049980e-02 -6.44647410e-06  1.65556870e-09 -1.65982900e-13  4.80915980e+04 -3.57486610e+00
 1.66767290e+00  2.79986070e-02 -2.86415960e-05  1.53554560e-08 -3.31673950e-12  4.89959650e+04  1.71916480e+01
H2NO                200  6000  1000
 3.75555914e+00  5.16219354e-03 -1.76387387e-06  2.75052692e-10 -1.60643143e-14  6.51826177e+03  4.30933053e+00
 3.93201139e+00 -1.64028165e-04  1.39161409e-05 -1.62747853e-08  6.00352834e-12  6.71178975e+03  4.58837038e+00
HNO                 200  6000  1000
 3.24129053e+00  2.72377193e-03 -1.60633296e-07 -9.79134982e-11  1.17103944e-14  1.17745744e+04  7.27913637e+00
 4.55326160e+00 -5.84531688e-03  1.88853744e-05 -1.76039893e-08  5.72889621e-12  1.16315603e+04  1.66850841e+00
CH2CHN(S)           298.15 3000  1000
 4.14453572e+00  1.31731672e-02 -6.28186453e-06  1.43989655e-09 -1.30842159e-13  4.85873563e+04  3.75755189e+00
 3.85114887e-01  2.63155652e-02 -2.31525336e-05  1.07917240e-08 -1.99497769e-12  4.94340048e+04  2.23684056e+01
CHCHNH2             298.15 3000  1000
 4.77534564e+00  1.46041683e-02 -6.78153232e-06  1.55237043e-09 -1.41604244e-13  3.54379126e+04  3.02319529e-01
 5.83297823e-01  3.10085354e-02 -3.08423467e-05  1.72290892e-08 -3.96982789e-12  3.62945134e+04  2.06174831e+01
H2O                 200  6000  1000
 2.67703890e+00  2.97318160e-03 -7.73768890e-07  9.44335140e-11 -4.26899910e-15 -2.98858940e+04  6.88255000e+00
 4.19863520e+00 -2.03640170e-03  6.52034160e-06 -5.48792690e-09  1.77196800e-12 -3.02937260e+04 -8.49009010e-01
C2H2                200  6000  1000
 4.65878489e+00  4.88396667e-03 -1.60828888e-06  2.46974544e-10 -1.38605959e-14  2.57594042e+04 -3.99838194e+00
 8.08679682e-01  2.33615762e-02 -3.55172234e-05  2.80152958e-08 -8.50075165e-12  2.64289808e+04  1.39396761e+01
CH3CHN              298.15 3000  1000
 2.67758316e+00  1.76421637e-02 -8.68916543e-06  2.06973359e-09 -1.93574323e-13  2.23928599e+04  1.20240438e+01
 2.81409484e+00  1.32950847e-02  3.53300166e-06 -9.87941013e-09  3.74396969e-12  2.25556092e+04  1.23157119e+01
H2                  200  6000  1000
 2.93286575e+00  8.26608026e-04 -1.46402364e-07  1.54100414e-11 -6.88804800e-16 -8.13065581e+02 -1.02432865e+00
 2.34433112e+00  7.98052075e-03 -1.94781510e-05  2.01572094e-08 -7.37611761e-12 -9.17935173e+02  6.83010238e-01
CH3OCHO             200  6000  1000
 6.33360880e+00  1.34851485e-02 -4.84305805e-06  7.81719241e-10 -4.67917447e-14 -4.68316521e+04 -6.91542601e+00
 5.96757028e+00 -9.38085425e-03  7.07648417e-05 -8.29932227e-08  3.13522917e-11 -4.55713267e+04  7.50341113e-01
HNO3                200  6000  1000
 8.03061257e+00  4.46368336e-03 -1.72272779e-06  2.91611606e-10 -1.80487362e-14 -1.93033764e+04 -1.62543421e+01
 1.55975056e+00  2.01502169e-02 -1.15217296e-05 -2.31891230e-09  3.17580552e-12 -1.73955871e+04  1.77294677e+01
CH2NCH2             298.15 3000  1000
 3.32004739e+00  1.85256567e-02 -9.56913297e-06  2.33791748e-09 -2.22816553e-13  2.51357839e+04  6.51880960e+00
 8.69061323e-01  2.52857715e-02 -1.51435611e-05  3.01037347e-09  3.70026806e-13  2.57781726e+04  1.91043579e+01
HCO                 200  6000  1000
 3.92001542e+00  2.52279324e-03 -6.71004164e-07  1.05615948e-10 -7.43798261e-15  3.65342928e+03  3.58077056e+00
 4.23754610e+00 -3.32075257e-03  1.40030264e-05 -1.34239995e-08  4.37416208e-12  3.87241185e+03  3.30834869e+00
CHCNH2              298.15 3000  1000
 4.67245309e+00  1.04989910e-02 -4.62630454e-06  1.01345924e-09 -8.92616681e-14  2.60712723e+04 -5.77430843e-01
 1.34809615e+00  2.60893264e-02 -3.14511691e-05  2.11896099e-08 -5.70652625e-12  2.66214983e+04  1.48874428e+01
CH2CHNH2            298.15 3000  1000
 4.59217082e+00  1.72595719e-02 -7.93920737e-06  1.79644782e-09 -1.61748720e-13  2.46743039e+03 -8.63800108e-02
-7.10306111e-01  3.74245041e-02 -3.66191425e-05  1.98714291e-08 -4.41925018e-12  3.58017455e+03  2.57562499e+01
NO3                 200  6000  1000
 7.37569146e+00  2.21733003e-03 -5.75695789e-07  6.69775424e-11 -2.58934700e-15  6.22445577e+03 -1.24945323e+01
 3.35586850e+00  1.06545436e-02 -2.86690494e-06 -5.14711611e-09  3.08532286e-12  7.47534931e+03  8.94786516e+00
CH3CHO              200  6000  1000
 5.40411080e+00  1.17230590e-02 -4.22631370e-06  6.83724510e-10 -4.09848630e-14 -2.25931220e+04 -3.48079170e+00
 4.72945950e+00 -3.19328580e-03  4.75349210e-05 -5.74586110e-08  2.19311120e-11 -2.15728780e+04  4.10301590e+00
CH3CO               200  6000  1000
 5.31371650e+00  9.17377930e-03 -3.32203860e-06  5.39474560e-10 -3.24523680e-14 -3.64504140e+03 -1.67575580e+00
 4.03587050e+00  8.77294870e-04  3.07100100e-05 -3.92475650e-08  1.52968690e-11 -2.68207380e+03  7.86176820e+00
CHOCHO              300  5000  1386
 9.75438561e+00  4.97645947e-03 -1.74410483e-06  2.75586994e-10 -1.61969892e-14 -2.95832896e+04 -2.61878329e+01
 1.88105120e+00  2.36386368e-02 -1.83443295e-05  6.84842963e-09 -9.92733674e-13 -2.69280190e+04  1.59154793e+01
cC2H4O              200  6000  1000
 5.48876410e+00  1.20461900e-02 -4.33369310e-06  7.00283110e-10 -4.19490880e-14 -9.18042510e+03 -7.07996050e+00
 3.75905320e+00 -9.44121800e-03  8.03097210e-05 -1.00807880e-07  4.00399210e-11 -7.56081430e+03  7.84974750e+00
CH2CHO              200  6000  1000
 6.53928338e+00  7.80238629e-03 -2.76413612e-06  4.42098906e-10 -2.62954290e-14 -1.18858659e+03 -8.72091393e+00
 2.79502600e+00  1.01099472e-02  1.61750645e-05 -3.10303145e-08  1.39436139e-11  1.62944975e+02  1.23646657e+01
H2O2                200  6000  1000
 4.57977305e+00  4.05326003e-03 -1.29844730e-06  1.98211400e-10 -1.13968792e-14 -1.80071775e+04  6.64970694e-01
 4.31515149e+00 -8.47390622e-04  1.76404323e-05 -2.26762944e-08  9.08950158e-12 -1.77067437e+04  3.27373319e+00
CH                  200  6000  1000
 2.52093690e+00  1.76536390e-03 -4.61476600e-07  5.92896750e-11 -3.34745010e-15  7.09467690e+04  7.40518290e+00
 3.48975830e+00  3.24321600e-04 -1.68997510e-06  3.16284200e-09 -1.40618030e-12  7.06126460e+04  2.08428410e+00
C2H6                200  6000  1000
 4.04666411e+00  1.53538802e-02 -5.47039485e-06  8.77826544e-10 -5.23167531e-14 -1.24473499e+04 -9.68698313e-01
 4.29142572e+00 -5.50154901e-03  5.99438458e-05 -7.08466469e-08  2.68685836e-11 -1.15222056e+04  2.66678994e+00
HON                 200  6000  1000
 4.12044656e+00  2.28738122e-03 -7.14685362e-07  1.03332384e-10 -5.70484100e-15  2.43643963e+04  3.38857665e+00
 4.15272450e+00 -3.87826402e-03  2.05476031e-05 -2.49049483e-08  9.87365462e-12  2.46037098e+04  4.56636321e+00
CH3CHNO             350  3000  1000
 3.74754820e+00  2.12796520e-02 -1.09796160e-05  2.73592160e-09 -2.66953840e-13  1.17411520e+04  7.08474550e+00
 1.92228250e+00  2.44337260e-02 -9.49024290e-06 -2.40398310e-09  2.05476960e-12  1.23135540e+04  1.69273440e+01
CH3OCH3             300  5000  1999
 6.03232751e+00  1.56155270e-02 -5.50761030e-06  8.75666140e-10 -5.17180562e-14 -2.52690354e+04 -8.25885183e+00
 2.05597390e+00  2.07019456e-02 -5.00382376e-06 -1.62279885e-09  6.84330155e-13 -2.35494445e+04  1.45029944e+01
HNO2                200  6000  1000
 4.66358504e+00  4.89854351e-03 -1.79694193e-06  2.94420361e-10 -1.78235577e-14 -7.25216334e+03 -3.06053640e-02
 4.03779347e+00 -4.46123109e-03  3.19440815e-05 -3.79359490e-08  1.44570885e-11 -6.53088236e+03  5.90620097e+00
CO2                 200  6000  1000
 4.63651110e+00  2.74145690e-03 -9.95897590e-07  1.60386660e-10 -9.16198570e-15 -4.90249040e+04 -1.93489550e+00
 2.35681300e+00  8.98412990e-03 -7.12206320e-06  2.45730080e-09 -1.42885480e-13 -4.83719710e+04  9.90090350e+00
C2H                 200  6000  1000
 3.66270248e+00  3.82492252e-03 -1.36632500e-06  2.13455040e-10 -1.23216848e-14  6.71683790e+04  3.92205792e+00
 2.89867676e+00  1.32988489e-02 -2.80733327e-05  2.89484755e-08 -1.07502351e-11  6.70616050e+04  6.18547632e+00
CHV                 300  5000  1000
 2.19622300e+00  2.34038100e-03 -7.05820100e-07  9.00758200e-11 -3.85504000e-15  1.04195590e+05  9.17837300e+00
 3.20020200e+00  2.07287500e-03 -5.13443100e-06  5.73389000e-09 -1.95553300e-12  1.03937140e+05  3.33158700e+00
C3H8                300  5000  1390
 9.15541310e+00  1.72574139e-02 -5.85614868e-06  9.04190155e-10 -5.22523772e-14 -1.75762439e+04 -2.77418510e+01
 2.40878470e-01  3.39548599e-02 -1.60930874e-05  2.83480628e-09  2.78195172e-14 -1.40362853e+04  2.16500800e+01
C3H6                300  5000  1387
 7.96904658e+00  1.37811801e-02 -4.69782604e-06  7.27579148e-10 -4.21368920e-14 -1.72035522e+03 -1.98794546e+01
 7.64219985e-01  2.74294063e-02 -1.34507688e-05  2.72030922e-09 -9.72000850e-14  1.14259854e+03  2.00145307e+01
CN                  200  6000  1000
 3.73483746e+00  5.83996018e-05  2.90443997e-07 -6.74403810e-11  4.33381923e-15  5.17018679e+04  2.85162570e+00
 3.62920077e+00 -1.07172764e-03  2.42398215e-06 -5.85516328e-10 -3.75364456e-13  5.18668474e+04  3.91231279e+00
N2H3                200  6000  1000
 4.04483566e+00  7.31130186e-03 -2.47625799e-06  3.83733021e-10 -2.23107573e-14  2.53241420e+04  2.88423392e+00
 3.42125505e+00  1.34901590e-03  2.23459071e-05 -2.99727732e-08  1.20978970e-11  2.58198956e+04  7.83176309e+00
CH3OOH              200  6000  1000
 7.76538058e+00  8.61499712e-03 -2.98006935e-06  4.68638071e-10 -2.75339255e-14 -1.82979984e+04 -1.43992663e+01
 2.90540897e+00  1.74994735e-02  5.28243630e-06 -2.52827275e-08  1.34368212e-11 -1.68894632e+04  1.13741987e+01
CH3OCH2O            300  5000  1523
 9.81288609e+00  1.21313106e-02 -4.30285768e-06  6.84443177e-10 -4.03862658e-14 -2.50760742e+04 -2.51866352e+01
 5.63414373e+00  8.92830283e-03  1.37225633e-05 -1.40497059e-08  3.54625624e-12 -2.22825214e+04  1.93588846e+00
NH2OH               200  6000  1000
 3.88112502e+00  8.15708448e-03 -2.82615576e-06  4.37930933e-10 -2.52724604e-14 -6.86018419e+03  3.79156136e+00
 3.21016092e+00  6.19671676e-03  1.10594948e-05 -1.96668262e-08  8.82516590e-12 -6.58148481e+03  7.93293571e+00
CH3CHNO2            350  3000  1000
 5.75402820e+00  2.29072910e-02 -1.20613430e-05  3.06098840e-09 -3.03460440e-13  4.74588010e+03 -5.60534260e-01
 9.48311020e-01  3.73430400e-02 -2.65342880e-05  7.92249850e-09 -3.22058090e-13  5.94637960e+03  2.38210530e+01
CH2CHN              298.15 3000  1000
 4.14453572e+00  1.31731672e-02 -6.28186453e-06  1.43989655e-09 -1.30842159e-13  4.10389141e+04  3.75755189e+00
 3.85114887e-01  2.63155652e-02 -2.31525336e-05  1.07917240e-08 -1.99497769e-12  4.18855625e+04  2.23684056e+01
O1D                 200  6000  1000
 2.49368475e+00  1.37617903e-05 -1.00401058e-08  2.76012182e-12 -2.01597513e-16  5.19986304e+04  4.65050950e+00
 2.49993786e+00  1.71935346e-07 -3.45215267e-10  3.71342028e-13 -1.70964494e-16  5.19965317e+04  4.61684555e+00
N2D                 300  5000  1000
 4.00032334e+00 -3.86781550e-07  1.76714847e-10 -3.50270212e-14  2.53528489e-18  8.33498300e+04  4.04562956e+00
 4.00284490e+00 -1.39229217e-05  2.72695915e-08 -2.40314621e-11  7.93102064e-15  8.33495069e+04  4.03430933e+00
S                   200  6000  1000
 2.87936498e+00 -5.11050388e-04  2.53806719e-07 -4.45455458e-11  2.66717362e-15  3.25013791e+04  3.98140647e+00
 2.31725616e+00  4.78018342e-03 -1.42082674e-05  1.56569538e-08 -5.96588299e-12  3.25068976e+04  6.06242434e+00
